<Frame>: 0 1 Skeleton_B
	<Transform>: 0 0 0 0 0 0 1 1 1 0 0 0 1  
	<TransformMatrix>: 1 0 0 0 0 1 0 0 0 0 1 0 0 0 0 1  
	<Children>: 3
		<Frame>: 1 0 Bip001
			<Transform>: 0 0.8114123 -0.01365672 270 89.99992 0 0.9999999 0.9999999 1 -0.5000004 0.4999996 0.4999996 0.5000004  
			<TransformMatrix>: 1.430511E-06 0 -0.9999999 0 -0.9999999 0 -1.430511E-06 0 0 1 0 0 0 0.8114123 -0.01365672 1  
			<Children>: 2
				<Frame>: 2 0 Bip001_Footsteps
					<Transform>: 0 0 -0.8121807 0 0 270.0001 1 1 1 0 0 -0.7071063 0.7071072  
					<TransformMatrix>: 1.370907E-06 -0.9999999 0 0 0.9999999 1.370907E-06 0 0 0 0 1 0 0 0 -0.8121807 1  
					<Children>: 0
				</Frame>
				<Frame>: 3 0 Bip001_Pelvis
					<Transform>: 0 0 0 270 89.99992 0 1 0.9999999 0.9999999 -0.5 0.5 0.4999993 0.5000007  
					<TransformMatrix>: 1.370907E-06 0 -1 0 -0.9999999 1.370907E-06 -1.400709E-06 0 1.400709E-06 0.9999999 0 0 0 0 0 1  
					<Children>: 5
						<Frame>: 4 0 Bip001_L_Thigh
							<Transform>: 1.16272E-07 1.607823E-07 0.09071241 359.981 180.5576 359.5341 1 1 0.9999999 -0.004064384 0.9999799 0.0001852251 -0.00486517  
							<TransformMatrix>: -0.9999198 -0.008130407 0.009728638 0 -0.008126803 0.9999669 0.0004099905 0 -0.009731648 0.0003308948 -0.9999526 0 1.16272E-07 1.607823E-07 0.09071241 1  
							<Children>: 1
								<Frame>: 5 0 Bip001_L_Calf
									<Transform>: -0.3651203 0 0 -5.364468E-09 1.067953E-07 6.45196 1 0.9999999 1 5.705969E-12 9.331222E-10 0.05627423 0.9984154  
									<TransformMatrix>: 0.9936665 0.1123701 -1.862645E-09 0 -0.1123701 0.9936664 1.164153E-10 0 1.863929E-09 9.362763E-11 1 0 -0.3651203 0 0 1  
									<Children>: 1
										<Frame>: 6 0 Bip001_L_Foot
											<Transform>: -0.3651202 7.266999E-09 0 354.5434 0.0133435 353.9866 0.9999999 0.9999999 1 -0.04754046 -0.002380579 -0.05238747 0.9974918  
											<TransformMatrix>: 0.9944997 -0.1042858 0.009730264 0 0.1047385 0.9899908 -0.094593 0 0.0002318327 0.09509186 0.9954685 0 -0.3651202 7.266999E-09 0 1  
											<Children>: 1
												<Frame>: 7 0 Bip001_L_Toe0
													<Transform>: -0.08397771 0.1080756 7.266999E-09 1.017778E-13 -2.504479E-06 270 0.9999999 0.9999999 1 1.545431E-08 -1.545431E-08 -0.7071068 0.7071068  
													<TransformMatrix>: 5.960464E-08 -0.9999999 1.776357E-15 0 0.9999999 5.960464E-08 4.371139E-08 0 -4.37114E-08 -1.776357E-15 1 0 -0.08397771 0.1080756 7.266999E-09 1  
													<Children>: 1
														<Frame>: 8 0 Bip001_L_Toe0Nub
															<Transform>: -0.08259346 -5.677343E-11 -7.266999E-09 -2.035555E-13 1.052185E-13 180 -1 -1 -1 9.182045E-16 1.776357E-15 1 1.837589E-15  
															<TransformMatrix>: 1 -3.675179E-15 -1.836409E-15 0 3.675179E-15 1 -3.552714E-15 0 -1.836409E-15 -3.552714E-15 -1 0 -0.08259346 -5.677343E-11 -7.266999E-09 1  
															<Children>: 0
														</Frame>
												</Frame>
										</Frame>
								</Frame>
						</Frame>
						<Frame>: 9 0 Bip001_R_Thigh
							<Transform>: -1.16272E-07 -8.992911E-08 -0.09071241 0.01911779 179.4426 359.5341 0.9999999 1 0.9999999 -0.004064391 0.9999799 -0.0001866059 0.00486369  
							<TransformMatrix>: -0.9999197 -0.008130434 -0.009725666 0 -0.008126805 0.9999669 -0.0004127401 0 0.0097287 -0.0003336683 -0.9999526 0 -1.16272E-07 -8.992911E-08 -0.09071241 1  
							<Children>: 1
								<Frame>: 10 0 Bip001_R_Calf
									<Transform>: -0.3651204 -9.083748E-10 0 5.364469E-09 -1.067953E-07 6.451961 1 0.9999999 1 -5.705963E-12 -9.331222E-10 0.05627424 0.9984154  
									<TransformMatrix>: 0.9936664 0.1123701 1.862645E-09 0 -0.1123701 0.9936664 -1.164153E-10 0 -1.863929E-09 -9.362765E-11 1 0 -0.3651204 -9.083748E-10 0 1  
									<Children>: 1
										<Frame>: 11 0 Bip001_R_Foot
											<Transform>: -0.3651203 7.266999E-09 7.266999E-09 5.456606 359.9866 353.9866 0.9999999 0.9999999 1 0.04754046 0.002380492 -0.05238746 0.9974918  
											<TransformMatrix>: 0.9944997 -0.1042858 -0.009730089 0 0.1047385 0.9899908 0.094593 0 -0.000232006 -0.09509184 0.9954685 0 -0.3651203 7.266999E-09 7.266999E-09 1  
											<Children>: 1
												<Frame>: 12 0 Bip001_R_Toe0
													<Transform>: -0.08397772 0.1080756 0 -4.268867E-07 2.504479E-06 270 1 1 1 -1.808849E-08 1.282014E-08 -0.7071068 0.7071068  
													<TransformMatrix>: -1.192093E-07 -1 7.45058E-09 0 1 -1.192093E-07 -4.37114E-08 0 4.371141E-08 7.45058E-09 1 0 -0.08397772 0.1080756 0 1  
													<Children>: 1
														<Frame>: 13 0 Bip001_R_Toe0Nub
															<Transform>: -0.08259346 -5.677343E-11 0 -2.035555E-13 -4.268867E-07 1.017777E-13 1 1 1 -1.776357E-15 -3.725289E-09 8.881783E-16 1  
															<TransformMatrix>: 1 1.776357E-15 7.45058E-09 0 -1.776357E-15 1 -3.552714E-15 0 -7.45058E-09 3.552714E-15 1 0 -0.08259346 -5.677343E-11 0 1  
															<Children>: 0
														</Frame>
												</Frame>
										</Frame>
								</Frame>
						</Frame>
						<Frame>: 14 0 Bip001_Spine
							<Transform>: -0.08397784 -0.0001366477 1.1665E-07 -0.0002383733 7.958433E-05 359.9544 1 0.9999999 0.9999999 -2.080476E-06 6.93676E-07 -0.000398159 0.9999999  
							<TransformMatrix>: 0.9999997 -0.0007963179 -1.385695E-06 0 0.0007963179 0.9999996 -4.161504E-06 0 1.389009E-06 4.160398E-06 0.9999999 0 -0.08397784 -0.0001366477 1.1665E-07 1  
							<Children>: 1
								<Frame>: 15 0 Bip001_Spine1
									<Transform>: -0.1716576 -0.0001511826 -4.193208E-10 -3.451231E-12 0 0 1 1 1 -3.011767E-14 0 0 1  
									<TransformMatrix>: 1 0 0 0 0 1 -6.023535E-14 0 0 6.023535E-14 1 0 -0.1716576 -0.0001511826 -4.193208E-10 1  
									<Children>: 3
										<Frame>: 16 0 Bip001_L_Clavicle
											<Transform>: -0.1898626 -1.108217E-07 0.03730168 0.09842363 280.1819 179.7101 1 1 1 -0.6415669 -0.002281945 0.7670624 0.001389545  
											<TransformMatrix>: -0.1767799 0.005059776 -0.9842376 0 0.0007963046 -0.9999857 -0.00528376 0 -0.9842501 -0.001717816 0.1767733 0 -0.1898626 -1.108217E-07 0.03730168 1  
											<Children>: 2
												<Frame>: 17 0 Bip001_L_UpperArm
													<Transform>: -0.1082689 0 0 36.52416 290.4086 355.98 1 1 1 0.2761805 -0.5325511 0.1513602 0.7856233  
													<TransformMatrix>: 0.3869588 -0.05633618 0.9203745 0 -0.5319847 0.8016289 0.2727335 0 -0.7531636 -0.5951617 0.2802274 0 -0.1082689 0 0 1  
													<Children>: 1
														<Frame>: 18 0 Bip001_L_Forearm
															<Transform>: -0.2757521 0 0 6.78443E-06 -1.092333E-06 12.73757 1 0.9999999 1 5.778253E-08 -1.604107E-08 0.1109275 0.9938285  
															<TransformMatrix>: 0.9753903 0.2204858 4.47035E-08 0 -0.2204858 0.9753901 1.112931E-07 0 -1.906481E-08 -1.184106E-07 1 0 -0.2757521 0 0 1  
															<Children>: 2
																<Frame>: 19 0 Bip001_L_Hand
																	<Transform>: -0.2034445 -7.266999E-09 2.906799E-08 281.2884 206.1886 153.138 1 1 1 -0.7658903 -0.03519331 0.02692273 0.6414427  
																	<TransformMatrix>: 0.9960733 0.08844721 0.003909272 0 0.01936966 -0.1746257 -0.9844446 0 -0.08638869 0.9806544 -0.1756531 0 -0.2034445 -7.266999E-09 2.906799E-08 1  
																	<Children>: 3
																		<Frame>: 20 0 Bip001_L_Finger0
																			<Transform>: -0.09127995 0 -7.266999E-09 357.0001 355.161 328.669 0.9999999 0.9999999 0.9999998 -0.01378578 -0.04769531 -0.2707513 0.9613682  
																			<TransformMatrix>: 0.8488377 -0.5192683 0.09917054 0 0.5218984 0.8530073 -0.0006792899 0 -0.08424046 0.05233355 0.99507 0 -0.09127995 0 -7.266999E-09 1  
																			<Children>: 1
																				<Frame>: 21 0 Bip001_L_Finger0Nub
																					<Transform>: -0.06035329 1.4534E-08 7.266999E-09 8.537735E-07 8.537735E-07 -1.707547E-06 1 1 1 7.45058E-09 7.45058E-09 -1.490116E-08 1  
																					<TransformMatrix>: 1 -2.980232E-08 -1.490116E-08 0 2.980232E-08 1 1.490116E-08 0 1.490116E-08 -1.490116E-08 1 0 -0.06035329 1.4534E-08 7.266999E-09 1  
																					<Children>: 0
																				</Frame>
																		</Frame>
																		<Frame>: 22 0 Bone_Bow_A
																			<Transform>: -0.0818403 0.01623814 -0.008494481 74.03888 1.692755 265.2938 1 0.9999999 0.9999999 0.3991808 0.4508019 -0.5932415 0.5343192  
																			<TransformMatrix>: -0.1103156 -0.2740577 -0.9553653 0 0.9938633 -0.02256143 -0.1082888 0 0.008123009 -0.9614484 0.2748648 0 -0.0818403 0.01623814 -0.008494481 1  
																			<Children>: 3
																				<Frame>: 23 0 Bone_Bow_B
																					<Transform>: 0.1134479 -0.03917656 5.813599E-08 -1.966522E-05 -3.282299E-06 204.9999 1 0.9999999 1 9.178906E-09 1.737431E-07 0.9762961 -0.216439  
																					<TransformMatrix>: -0.9063083 -0.4226172 9.313224E-08 0 0.4226171 -0.9063082 3.35276E-07 0 -5.728692E-08 3.432228E-07 1 0 0.1134479 -0.03917656 5.813599E-08 1  
																					<Children>: 0
																				</Frame>
																				<Frame>: 24 0 Bone_Bow_C
																					<Transform>: -0.1144658 -0.0399389 0 -2.678567E-05 1.225486E-05 335 1 0.9999999 1 -2.513551E-07 5.381626E-08 -0.2164397 0.976296  
																					<TransformMatrix>: 0.9063078 -0.4226186 3.725277E-09 0 0.4226185 0.9063076 -5.140899E-07 0 2.138877E-07 4.674981E-07 1 0 -0.1144658 -0.0399389 0 1  
																					<Children>: 0
																				</Frame>
																				<Frame>: 25 0 Bone_Bow_D
																					<Transform>: 7.266999E-09 0.1306368 2.906799E-08 5.122641E-06 6.323261E-06 270 0.9999999 1 1 -7.408627E-09 7.062889E-08 -0.7071067 0.7071068  
																					<TransformMatrix>: 1.788139E-07 -0.9999999 -8.940696E-08 0 0.9999999 1.788139E-07 -1.103617E-07 0 1.103617E-07 -8.940695E-08 1 0 7.266999E-09 0.1306368 2.906799E-08 1  
																					<Children>: 0
																				</Frame>
																		</Frame>
																		<Frame>: 26 0 Bone_shield_grip
																			<Transform>: -0.07945986 0.02255984 -0.03655411 270.9643 186.211 265.1986 1 1 1 -0.4983861 0.5098788 0.5023103 0.4892027  
																			<TransformMatrix>: -0.02458418 -0.01676986 -0.9995574 0 -0.9996964 -0.001408697 0.02461121 0 -0.001820713 0.9998584 -0.01673019 0 -0.07945986 0.02255984 -0.03655411 1  
																			<Children>: 1
																				<Frame>: 27 0 Bone_shield
																					<Transform>: 0.01279294 0.01228786 -0.04653181 339.7364 169.773 195.9665 0.9999998 0.9999999 0.9999999 0.9731631 -0.1206467 0.06255481 -0.1857009  
																					<TransformMatrix>: 0.9630623 -0.2580507 0.07694368 0 -0.2115848 -0.9019191 -0.3765285 0 0.1665604 0.3463404 -0.9232041 0 0.01279294 0.01228786 -0.04653181 1  
																					<Children>: 1
																						<Frame>: 28 0 shield_A
																							<Transform>: -0.05773161 0.001509152 -0.008558533 1.195283E-05 89.99998 280 0.9999998 1 0.9999999 -0.4545193 0.5416752 -0.4545196 0.5416753  
																							<TransformMatrix>: -1.192093E-07 -0.9848075 -0.1736481 0 4.172325E-07 0.1736482 -0.9848077 0 0.9999999 -2.086162E-07 4.172325E-07 0 -0.05773161 0.001509152 -0.008558533 1  
																							<Mesh>: 41 shield_A
																								<Bounds>: 5.960464E-08 -0.03304932 -1.490116E-08 0.2115644 0.0483363 0.2101067
																								<Positions>: 41 -0.2115643 -0.002777162 0.02916188 -0.05541522 -0.03615449 0.104055 -0.1640657 -0.002777165 0.1398697 -0.06425422 -0.002777169 0.2073233 -0.09962253 -0.03514228 -0.004785144 -0.1916695 -0.002777213 -0.0896511 -0.1106978 -0.002777151 -0.178847 0.001083771 -0.03683298 -0.1047762 0.005642795 -0.002777151 -0.2101067 0.1204151 -0.002777151 -0.1735057 0.1971797 -0.002777216 -0.08066424 0.05613123 -0.03615449 0.1092422 0.05618076 -0.002777169 0.2101067 0.1590019 -0.002777165 0.1473362 -0.04243683 -0.05138525 0.002402615 0.1098932 -0.03153447 -0.001652777 0.2115644 -0.002777162 0.038941 0.002282186 -0.05078819 0.05638237 0.0523046 -0.05061965 0.0008610812 0.001121211 -0.08138563 0.003800698 0.002049642 -0.05420239 -0.04607521 0.05618076 -0.002777169 0.2101067 0.02764122 0.01008629 0.1880986 -0.06425422 -0.002777169 0.2073233 0.1590019 -0.002777165 0.1473362 -0.1063254 0.01132511 0.1494588 0.0007029804 -0.01937655 0.003633092 -0.1640657 -0.002777165 0.1398697 0.1467492 0.01528697 0.1308657 0.2115644 -0.002777162 0.038941 -0.1730378 0.01290136 0.05038483 -0.2115643 -0.002777162 0.02916188 0.185903 0.01528697 -0.0186404 0.1971797 -0.002777216 -0.08066424 0.1204151 -0.002777151 -0.1735057 -0.1754466 0.01528697 -0.083589 -0.1916695 -0.002777213 -0.0896511 0.1086294 0.01528698 -0.1563986 0.005642795 -0.002777151 -0.2101067 -0.05249947 0.01528698 -0.1754897 -0.1106978 -0.002777151 -0.178847  
																								<Colors>: 0  
																								<TextureCoords0>: 41 0.995999 0.2887484 0.9416857 0.2626984 0.9794776 0.250241 0.9447601 0.2267786 0.9570622 0.3005562 0.9890788 0.3300751 0.9609144 0.3611001 0.9220335 0.3353361 0.9204477 0.3719732 0.8805266 0.3592423 0.8538255 0.3269492 0.9028865 0.260894 0.9028693 0.2258104 0.867105 0.2476438 0.9371715 0.2980561 0.8841865 0.2994667 0.8488223 0.2853469 0.9216169 0.2792804 0.9042174 0.2985922 0.9220204 0.2975698 0.9216977 0.314918 0.7816392 0.224 0.788876 0.2321606 0.8106952 0.2246715 0.7568327 0.239144 0.8190959 0.2408767 0.7949527 0.2737716 0.8347757 0.2409455 0.762008 0.245071 0.7441514 0.2652953 0.834145 0.2632256 0.8462353 0.2676548 0.7531757 0.2787963 0.7476217 0.2941511 0.7661421 0.31655 0.8346881 0.2934472 0.8414354 0.2963194 0.7706069 0.3098715 0.7938321 0.3253806 0.8069539 0.314178 0.8219001 0.3178389  
																								<TextureCoords1>: 0  
																								<Normals>: 41 -0.9878115 -0.07625324 0.1356981 -0.1433709 -0.966165 0.2144061 -0.7897204 -0.03633641 0.6123899 -0.283641 -0.01288009 0.958844 -0.2464976 -0.9682288 -0.04209533 -0.8524563 -0.2231104 -0.4728003 -0.6060898 -0.07001314 -0.7923087 0.002166811 -0.9715849 -0.2366812 0.0474533 -0.07199252 -0.9962758 0.6031545 -0.1835321 -0.7762219 0.8729689 -0.0672284 -0.4831207 0.1402635 -0.9653575 0.2200251 0.2905096 -0.03090509 0.9563729 0.7088133 -0.1748375 0.6833853 -0.3452808 -0.9378936 -0.03371749 0.2599068 -0.9650742 -0.0328673 0.9754483 -0.1018687 0.1952523 -0.001612744 -0.965685 0.2597112 0.3480807 -0.9359751 -0.05282295 -0.03142053 -0.9992731 0.0215859 -0.01209559 -0.9409792 -0.338248 0.2905096 -0.03090509 0.9563729 0.01556377 0.9752109 0.2207298 -0.283641 -0.01288009 0.958844 0.7088133 -0.1748375 0.6833853 -0.1078879 0.9803705 0.1650263 -0.003814787 0.999943 0.009973405 -0.7897204 -0.03633641 0.6123899 0.2474116 0.934477 0.2560087 0.9754483 -0.1018687 0.1952523 -0.179451 0.9809853 0.07392517 -0.9878115 -0.07625324 0.1356981 0.3072177 0.9506137 -0.0441682 0.8729689 -0.0672284 -0.4831207 0.6031545 -0.1835321 -0.7762219 -0.3431842 0.9104766 -0.2307748 -0.8524563 -0.2231104 -0.4728003 0.2358502 0.9325653 -0.2733067 0.0474533 -0.07199252 -0.9962758 -0.09173792 0.9495153 -0.3000082 -0.6060898 -0.07001314 -0.7923087  
																								<Tangents>: 41 -0.119178 0.9312894 -0.3442334 -0.989126 0.1470651 0.001293318 -0.5699266 0.4128216 -0.7104661 -0.9549081 0.09528399 -0.2811967 -0.9690919 0.2466996 0.0004071339 -0.4944671 0.6377513 0.5905722 -0.7797187 0.2490971 0.574447 -0.999997 -0.001831974 -0.001634626 -0.9988349 -0.01217968 -0.04669507 -0.7822085 -0.3265081 -0.5306056 -0.4483353 -0.5007561 -0.7404315 -0.9895756 -0.1440108 -0.001002254 -0.9544405 -0.08056647 0.2873192 -0.6724023 -0.4602927 0.5796601 -0.938446 0.3454213 0.001748227 -0.9656006 -0.2600293 -0.0005667458 -0.1818389 -0.872706 0.4531213 -0.9999971 0.001098368 -0.002125678 -0.9373109 -0.348491 -0.001532431 -0.9995062 0.03140372 -0.001117423 -0.9999193 0.01006881 0.007746004 -0.9497611 0.1123104 0.2921305 -0.9998271 0.01293397 0.01335452 -0.956224 -0.07127378 -0.2838233 -0.6122003 0.328797 0.719099 -0.9932594 -0.09921861 -0.05992791 -0.9999927 -0.003815691 7.162511E-05 -0.5714489 -0.3195117 -0.7558826 -0.9677758 0.225556 0.1119576 -0.0237742 0.8326994 0.5532147 -0.9834712 -0.1770475 -0.0379289 0.01260527 -0.9081111 -0.4185396 -0.9515968 0.3064347 -0.02369142 -0.4009472 0.4651655 -0.7892163 -0.7260749 0.2765132 -0.6295678 -0.9386113 -0.3232446 0.1205066 -0.2916833 -0.5475515 0.7842883 -0.9705066 0.2115858 -0.1155353 -0.9983633 0.0284566 -0.04960905 -0.9955903 -0.08152852 0.04640145 -0.7639095 -0.2262579 0.6043588  
																								<BiTangents>: 41 0.1001253 0.3562099 0.9290261 0.03278122 0.2118892 0.9767438 0.226992 0.9100868 0.3467227 0.08774064 0.9953668 0.03932575 -0.009990703 -0.0408946 0.9991135 -0.1697662 -0.7372212 0.6539758 -0.157143 -0.9659445 0.2055658 -0.001154585 -0.236684 0.971586 0.008772629 -0.9973308 0.0724866 0.1560596 -0.9272046 0.3404952 0.1921476 -0.8629737 0.4672854 -0.03265352 0.2175909 0.9754937 -0.06817196 0.9962701 0.0529024 -0.2132109 0.8703807 0.4438227 -0.01000709 -0.03224568 0.9994299 0.007999509 -0.03188399 0.9994596 -0.124239 0.4775008 0.8698032 -0.001767477 0.2597139 0.965684 0.01697401 -0.05004494 0.9986027 -0.0004387335 0.02161035 0.9997663 0.003883075 -0.3383145 0.9410251 -0.1164389 -0.9931925 0.003274786 0.01016856 -0.2208994 0.9752436 0.07199612 -0.9973736 0.007899911 -0.3504205 -0.9280757 0.1260201 -0.04237788 -0.1703795 0.9844669 0.0001096765 -0.009973059 0.9999503 0.2231318 -0.9468854 0.2315605 0.04687745 -0.2754586 0.9601693 -0.2189418 -0.5442743 0.8098333 -0.02411943 -0.07950967 0.9965423 0.1551439 -0.4117277 0.8980038 -0.008986719 0.04930874 0.9987432 0.2777888 0.8826672 0.37912 0.3301815 0.943322 0.03352214 0.03512168 0.2579638 0.965516 -0.4338653 0.8064794 0.4016861 -0.04991635 0.292495 0.9549634 0.0319221 0.9969991 -0.07052431 0.01959966 0.302942 0.9528074 -0.2215792 0.971548 0.08364893  
																								<SubMeshes>: 1
																									<SubMesh>: 0 168 0 1 2 2 1 3 1 0 4 5 4 0 6 4 5 4 6 7 8 7 6 9 7 8 10 7 9 11 3 1 3 11 12 12 11 13 4 14 1 7 14 4 7 10 15 15 13 11 16 15 10 13 15 16 17 11 1 1 14 17 11 18 15 18 7 15 18 11 17 17 14 19 18 17 19 7 18 20 14 7 20 20 18 19 14 20 19 21 22 23 24 22 21 25 23 22 26 25 22 25 27 23 22 24 28 28 26 22 29 28 24 27 25 30 25 26 30 27 30 31 28 29 32 32 26 28 33 32 29 34 32 33 35 31 30 30 26 35 31 35 36 32 34 37 37 26 32 38 37 34 39 36 35 35 26 39 39 26 37 37 38 39 36 39 40 40 39 38  
																							</Mesh>
																							<Materials>: 1
																								<Material>: 0
																									<AlbedoColor>: 1 1 1 1
																									<SpecularColor>: 1 1 1 1
																									<AlbedoMap>: DS_equipment_standard
																							</Materials>
																							<Children>: 0
																						</Frame>
																				</Frame>
																		</Frame>
																</Frame>
																<Frame>: 29 0 gauntlet_A_L
																	<Transform>: -0.1000678 0.008820036 -0.00745315 2.562635 81.78917 322.969 1 1 1 -0.1918173 0.6259949 -0.2538709 0.7119594  
																	<TransformMatrix>: 0.08736003 -0.6016449 -0.7939724 0 0.1213383 0.7975116 -0.5909761 0 0.9887595 -0.0447115 0.1426731 0 -0.1000678 0.008820036 -0.00745315 1  
																	<Mesh>: 24 gauntlet_A_L
																		<Bounds>: 0 0 0 0.04450312 0.05488598 0.09697728
																		<Positions>: 24 -0.01904551 0.01327887 -0.09587863 -0.04450312 -0.01580343 0.09697728 -0.01699659 0.05488598 0.09109055 -0.03579327 -0.02660265 -0.08958639 -0.002398371 -0.05261229 0.08848321 -0.002553841 -0.05488598 -0.08679628 0.04450312 -0.02303911 0.07739679 0.03473698 -0.03248452 -0.09136408 -0.01699659 0.05488598 0.09109055 0.02454458 0.009643693 -0.09697728 -0.01699659 0.05488598 0.09109055 0.03596831 0.0320467 0.07902634 0.03473698 -0.03248452 -0.09136408 0.04450312 -0.02303911 0.07739679 -0.01904551 0.01327887 -0.09587863 -0.002553841 -0.05488598 -0.08679628 -0.03579327 -0.02660265 -0.08958639 0.03473698 -0.03248452 -0.09136408 0.02454458 0.009643693 -0.09697728 0.03596831 0.0320467 0.07902634 -0.002398371 -0.05261229 0.08848321 0.04450312 -0.02303911 0.07739679 -0.04450312 -0.01580343 0.09697728 -0.01699659 0.05488598 0.09109055  
																		<Colors>: 0  
																		<TextureCoords0>: 24 0.2851065 0.3897212 0.2789675 0.3400949 0.294157 0.3409485 0.2753491 0.3884804 0.2649297 0.3421125 0.2644413 0.387605 0.2520849 0.3439578 0.254387 0.3873872 0.294157 0.3409485 0.2941426 0.3901165 0.294157 0.3409485 0.305517 0.3437076 0.3037203 0.3897388 0.3155982 0.347317 0.2468071 0.3692389 0.2310591 0.3640721 0.240845 0.3608991 0.2309723 0.374373 0.2407057 0.3775662 0.3227189 0.3451138 0.3082662 0.324544 0.3084687 0.3394179 0.3230538 0.3200074 0.3357767 0.3361326  
																		<TextureCoords1>: 0  
																		<Normals>: 24 -0.5314435 0.8289439 -0.1744127 -0.9796278 -0.1973637 -0.03710495 -0.4697584 0.8697188 -0.1513813 -0.9761535 -0.2142782 -0.03477604 -0.1575727 -0.9874007 0.01451234 -0.070232 -0.9973907 0.01671187 0.9059421 -0.4222058 -0.0318008 0.9264174 -0.3738649 -0.04445028 -0.4697584 0.8697188 -0.1513813 0.6587052 0.7304091 -0.1805826 -0.4697584 0.8697188 -0.1513813 0.7339557 0.667599 -0.1249818 0.9264174 -0.3738649 -0.04445028 0.9059421 -0.4222058 -0.0318008 -0.03667006 -0.140697 -0.9893734 -0.03667007 -0.140697 -0.9893734 -0.0366707 -0.1406971 -0.9893733 -0.03666975 -0.1406969 -0.9893734 -0.03666973 -0.1406969 -0.9893734 0.2189153 0.003864034 0.9757362 0.2148198 0.01173524 0.9765832 0.2263001 0.006248091 0.9740375 0.213376 0.007655594 0.9769402 0.2202522 -0.004473934 0.9754327  
																		<Tangents>: 24 0.8424672 0.5387061 -0.006688757 -0.19688 0.980292 -0.01630376 0.8727884 0.4833001 0.06827495 -0.2140106 0.9767662 -0.01128589 -0.9863098 0.1580882 0.04691623 -0.9945632 0.07130452 0.0758926 -0.4192555 -0.9050221 0.07183152 -0.3664495 -0.9224799 0.121431 0.8810526 0.4726555 -0.01852586 0.7485234 -0.6604921 0.05884671 0.8768833 0.4398891 -0.1938383 0.6781936 -0.7303563 0.08144353 -0.3610746 -0.9156982 0.1764141 -0.3958719 -0.8712854 0.2900812 -0.5231778 0.8462235 -0.1009489 -0.5231772 0.846224 -0.100949 -0.5231773 0.8462239 -0.1009488 -0.5231777 0.8462236 -0.100949 -0.5231795 0.8462225 -0.1009488 -0.5146382 0.850048 0.1120975 -0.5153612 0.8507437 0.1031413 -0.5145382 0.8498432 0.1140922 -0.515246 0.8504779 0.1058716 -0.5139712 0.8493795 0.1199502  
																		<BiTangents>: 24 -0.08841258 0.1504917 0.9846499 -0.03959147 0.008666402 0.9991783 -0.1325426 0.1000511 0.9861147 -0.03638637 0.003574324 0.9993314 0.04861935 0.006920945 0.9987934 0.07688621 0.01129092 0.996976 0.05910812 0.05174253 0.9969097 0.08640327 0.09620699 0.9916041 -0.05543889 0.1420775 0.9883019 0.07629124 0.173933 0.9817979 0.1019938 0.2238009 0.9692835 0.03690963 0.1445378 0.9888107 0.1066581 0.1473832 0.9833119 0.1501815 0.2502077 0.9564735 -0.8514342 -0.5139164 0.1046406 -0.8514346 -0.5139158 0.1046406 -0.8514346 -0.5139158 0.1046412 -0.8514344 -0.5139164 0.1046403 -0.8514332 -0.5139181 0.1046405 -0.8289895 -0.526691 0.1880772 -0.8296116 -0.5254499 0.1888044 -0.8270664 -0.5269986 0.1955345 -0.8300556 -0.525955 0.1854161 -0.8290492 -0.5277636 0.1847783  
																		<SubMeshes>: 1
																			<SubMesh>: 0 48 0 1 2 1 0 3 3 4 1 4 3 5 5 6 4 6 5 7 8 9 0 9 10 11 11 12 9 12 11 13 14 15 16 14 17 15 18 17 14 19 20 21 19 22 20 23 22 19  
																	</Mesh>
																	<Materials>: 1
																		<Material>: 0
																			<AlbedoColor>: 1 1 1 1
																			<SpecularColor>: 1 1 1 1
																			<AlbedoMap>: @DS_equipment_standard
																	</Materials>
																	<Children>: 0
																</Frame>
														</Frame>
												</Frame>
												<Frame>: 30 0 Bone_pauldron_L
													<Transform>: -0.07326144 0.01042014 0.03259185 89.69675 100.1812 104.9991 1 1 1 0.7068865 -0.02789872 0.03154394 0.7060723  
													<TransformMatrix>: 0.9964534 0.005102162 0.08399301 0 -0.08398706 -0.001366973 0.9964659 0 0.005198952 -0.9999861 -0.0009336473 0 -0.07326144 0.01042014 0.03259185 1  
													<Children>: 1
														<Frame>: 31 0 Pauldron_A_L
															<Transform>: -0.04165412 -0.01392334 0.01056656 285 90.00003 270 0.9999999 0.9999998 0.9999999 -0.7010575 0.09229597 -0.09229595 0.7010574  
															<TransformMatrix>: 0.9659258 -0.258819 0 0 -2.980232E-08 -2.384185E-07 -0.9999999 0 0.258819 0.9659259 -2.384186E-07 0 -0.04165412 -0.01392334 0.01056656 1  
															<Mesh>: 62 Pauldron_A_L
																<Bounds>: 0 0 5.587935E-08 0.1115135 0.1293885 0.09269045
																<Positions>: 62 0.08835502 -0.1249725 -0.04690133 0.1047478 -0.1062385 -0.02463524 0.09305444 -0.1192852 -0.02264722 0.04466529 -0.05751208 0.01376137 0.09800056 -0.1126652 -0.04957849 0.05263424 -0.1158598 -0.0814262 -0.01860506 -0.07853217 -0.0912049 -0.06368033 -0.03460231 -0.06165484 0.04265879 0.007833744 0.0334311 -0.08970185 0.00899124 -0.04924723 -0.07473323 0.06301575 -0.06404074 0.05130935 0.07512227 0.01003613 -0.02721523 0.09033699 -0.09269039 0.02505213 0.098728 -0.08500005 0.1019423 0.1079535 -0.06008889 -0.06368033 -0.03460231 -0.06165484 -0.1115135 0.007701391 -0.03498635 -0.08970185 0.00899124 -0.04924723 -0.07473838 -0.04928316 -0.05535302 -0.01860506 -0.07853217 -0.0912049 -0.02336155 -0.101613 -0.08443566 0.05263424 -0.1158598 -0.0814262 0.0467817 -0.1293885 -0.07674346 -0.03741642 -0.09026342 -0.0240033 -0.06439379 0.002915658 0.01546022 -0.1115135 0.007701391 -0.03498635 -0.08538567 0.07330871 -0.04913944 0.03271824 -0.08924051 0.01475084 0.08835502 -0.1249725 -0.04690133 -0.005944884 0.001355548 0.04619835 -0.03119191 0.08981033 -0.01665864 0.006402981 -0.0007495264 0.09269051 0.03927068 -0.09860203 0.04498237 0.04115542 0.09465618 0.01611437 0.09305444 -0.1192852 -0.02264722 0.06470409 -0.08160356 0.04046788 0.1047478 -0.1062385 -0.02463524 0.09800056 -0.1126652 -0.04957849 0.0467817 -0.1293885 -0.07674346 0.04327235 -0.0009678152 0.0768417 0.04466529 -0.05751208 0.01376137 0.09800056 -0.1126652 -0.04957849 0.04265879 0.007833744 0.0334311 0.05130935 0.07512227 0.01003613 0.07417344 0.1022249 0.04083297 0.0490858 0.110405 0.0436971 0.1115135 0.106875 -0.0316912 0.1019423 0.1079535 -0.06008889 0.09697933 0.1245153 -0.03414443 0.1019423 0.1079535 -0.06008889 0.02070993 0.1227091 -0.07734226 0.09140569 0.1293885 -0.05166173 0.02505213 0.098728 -0.08500005 0.09140569 0.1293885 -0.05166173 0.02070993 0.1227091 -0.07734226 -0.02721523 0.09033699 -0.09269039 -0.03061674 0.1046532 -0.08469332 0.02070993 0.1227091 -0.07734226 -0.07473323 0.06301575 -0.06404074 -0.08970185 0.00899124 -0.04924723 -0.1115135 0.007701391 -0.03498635 0.0467817 -0.1293885 -0.07674346  
																<Colors>: 0  
																<TextureCoords0>: 62 0.3538636 0.1449487 0.358038 0.1274773 0.3558076 0.1364061 0.4480401 0.08713627 0.4329502 0.1018271 0.446532 0.1076578 0.4687742 0.10484 0.4835148 0.09320366 0.4535038 0.07000506 0.4933328 0.08404565 0.4963353 0.06921858 0.460135 0.05258471 0.4922957 0.05132312 0.4795556 0.04419178 0.4593587 0.03412867 0.3837643 0.2115895 0.4205666 0.2150535 0.420326 0.2228 0.3905379 0.2044767 0.3565485 0.1972978 0.3629816 0.1926617 0.3423591 0.1690394 0.35182 0.1646646 0.3821189 0.1843478 0.4187467 0.1905295 0.4205666 0.2150535 0.4482008 0.2072038 0.380877 0.1529368 0.3538636 0.1449487 0.4184029 0.1642038 0.4553734 0.1823804 0.4167865 0.1425506 0.3812062 0.1397746 0.4577944 0.1505052 0.3558076 0.1364061 0.3825423 0.1299973 0.358038 0.1274773 0.3454825 0.134639 0.35182 0.1646646 0.416475 0.1309569 0.391332 0.1134556 0.3513314 0.1191896 0.4156905 0.1156228 0.4518804 0.112566 0.4591869 0.1285541 0.4594069 0.1376425 0.479147 0.1280701 0.4824983 0.1175358 0.4813737 0.1354711 0.4926104 0.1366816 0.4802252 0.1701981 0.4834203 0.1398721 0.4895107 0.1693873 0.4834203 0.1398721 0.4802252 0.1701981 0.4811013 0.1934373 0.4723552 0.1907014 0.4802252 0.1701981 0.4541212 0.2123476 0.420326 0.2228 0.4205666 0.2150535 0.35182 0.1646646  
																<TextureCoords1>: 0  
																<Normals>: 62 0.3663161 -0.9190721 -0.1453237 0.9885279 0.136867 0.06387576 0.444826 -0.8355691 0.3224193 0.7269625 0.5636969 -0.3921368 0.8268259 0.1036064 -0.5528332 0.4170127 0.1383743 -0.8983055 0.01174431 0.3383885 -0.9409331 -0.04258189 0.3376392 -0.940312 0.9094326 -0.05343185 -0.4124044 -0.1783691 -0.001800157 -0.9839621 -0.3288854 -0.172713 -0.928442 0.6458589 -0.6841653 -0.3387982 -0.09206501 -0.3038623 -0.9482573 0.2710571 -0.4041975 -0.8735859 0.7075951 -0.224212 -0.6701031 -0.04258189 0.3376392 -0.940312 -0.9972951 -0.07167077 -0.01630063 -0.1783691 -0.001800157 -0.9839621 -0.8637131 -0.3861676 -0.3238429 0.01174431 0.3383885 -0.9409331 -0.4653646 -0.6656934 -0.5833423 0.4170127 0.1383743 -0.8983055 0.02910953 -0.8995798 -0.4357852 -0.5648011 -0.7216165 0.4003365 -0.6201569 -0.03494407 0.7836991 -0.9972951 -0.07167077 -0.01630063 -0.8279076 0.5601496 -0.0283111 -0.608533 -0.7381116 0.2913398 0.3663161 -0.9190721 -0.1453237 -0.7750869 0.02047616 0.6315227 -0.4103415 0.7395789 0.5335193 -0.4860588 -0.01544621 0.8737895 -0.3084236 -0.7502654 0.5847878 -0.6201037 0.7502717 0.2292679 0.444826 -0.8355691 0.3224193 0.8191252 -0.04597131 0.5717697 0.9885279 0.136867 0.06387576 0.8268259 0.1036064 -0.5528332 0.02910953 -0.8995798 -0.4357852 0.7720254 -0.05044561 0.6335867 0.7269625 0.5636969 -0.3921368 0.8268259 0.1036064 -0.5528332 0.9094326 -0.05343185 -0.4124044 0.6458589 -0.6841653 -0.3387982 0.7892904 0.2977452 0.5369995 -0.3468987 0.8021206 0.4860696 0.9835718 -0.1634541 0.07661258 0.7075951 -0.224212 -0.6701031 0.4331451 0.8772899 0.2067552 0.7075951 -0.224212 -0.6701031 -0.04202433 0.8864992 -0.4608177 0.3363621 0.9013656 -0.2727646 0.2710571 -0.4041975 -0.8735859 0.3363621 0.9013656 -0.2727646 -0.04202433 0.8864992 -0.4608177 -0.09206501 -0.3038623 -0.9482573 -0.4250193 0.7679996 -0.4790984 -0.04202433 0.8864992 -0.4608177 -0.3288854 -0.172713 -0.928442 -0.1783691 -0.001800157 -0.9839621 -0.9972951 -0.07167077 -0.01630063 0.02910953 -0.8995798 -0.4357852  
																<Tangents>: 62 0.2343445 0.2422702 -0.9414817 0.03235281 0.2212166 -0.9746879 0.4515846 -0.1016344 -0.8864207 -0.6784177 0.5012836 -0.5370886 -0.526669 0.4876196 -0.6963094 -0.8664362 0.3590901 -0.3469043 -0.9772618 0.2031176 0.06084951 -0.9767053 0.1840555 0.1103191 -0.3692812 0.3522428 -0.8599746 -0.8859147 0.4354532 0.1597989 -0.7407145 0.6570365 0.1401609 -0.4845199 -0.02436929 -0.8744407 -0.8578016 0.507805 -0.07943957 -0.8491345 0.3270078 -0.4147728 -0.6614958 0.1232637 -0.7397495 -0.8528568 0.4779486 0.2102391 -0.07327265 0.9869099 0.1436664 -0.8189955 0.5545313 0.14745 -0.5037562 0.6421946 0.577768 -0.9780505 -0.1918883 -0.08121642 -0.7558953 -0.04398425 0.6532133 -0.6232107 -0.6758906 -0.3934213 -0.7182333 -0.3220357 0.6167932 -0.3399232 0.6454946 0.683951 -0.004983271 0.9991627 0.04060794 -0.0728944 0.9928694 0.0943222 0.4519551 0.6364018 -0.6250835 -0.3983108 0.6016633 0.6923509 -0.08028536 -0.1868162 0.9791088 0.02065637 0.9997617 -0.007063565 0.2667327 0.6567956 -0.7053179 0.01282524 0.9996101 0.0248046 -0.3885825 0.6604965 0.6424546 0.4002263 0.5538889 -0.7300863 -0.4295175 0.1168716 0.895464 -0.3908331 0.6848733 0.6149781 -0.1250534 0.5044981 0.8543087 0.5551243 -0.3085199 0.7724329 -0.6335919 -0.3538053 0.6880283 0.04573814 0.9986703 0.02378132 -0.3278567 0.7866985 0.5230827 0.2069187 0.8579302 0.4702556 0.03323437 0.9978776 -0.05599848 0.4598831 0.7028638 -0.5426694 0.2347101 0.6618463 -0.7119485 0.4217237 0.5963059 -0.6830581 0.117618 0.2583248 -0.9588714 -0.1872578 0.8549191 -0.483785 0.2694258 0.09287809 -0.9585319 -0.3898838 -0.9147874 -0.105616 0.4689952 -0.3897496 -0.792552 0.3515349 -0.3888819 -0.8515832 -0.1220221 -0.9146692 0.385345 0.4350987 -0.4056184 -0.8038425 0.2528429 -0.4367756 -0.8633062 0.7704344 -0.6250462 0.1254912 0.5649438 -0.1884823 -0.8033137 0.3711033 -0.4143796 -0.8310066 0.883467 0.2910726 -0.3671004 0.6379535 0.761129 -0.1170384 -0.07224577 0.9966645 0.03795255 -0.8137165 -0.2745284 0.5123472  
																<BiTangents>: 62 0.9004971 0.3108241 0.304127 -0.147533 0.9655727 0.2142508 0.7734346 0.5399026 0.3321205 -0.1061835 0.6564759 0.7468364 0.1974302 0.8668869 0.4577428 0.27457 0.922988 0.2696376 0.2117109 0.9188234 0.3330797 0.2103176 0.9231052 0.3219365 0.1912165 0.9343821 0.3006097 0.4281817 0.9002096 -0.0792662 0.5858127 0.7338074 -0.3440208 0.5900058 0.7289198 -0.3472308 0.5056684 0.8061028 -0.3074046 0.4533195 0.8542191 -0.2545803 0.2484601 0.9667135 -0.06109449 -0.5204057 -0.8109037 -0.2676059 -0.005790574 -0.1444722 0.9894919 -0.5453722 -0.8321609 0.1003856 0.01514514 -0.6621637 0.7492062 0.2080368 -0.921234 -0.3287075 0.4604976 -0.744928 0.4827257 0.6615958 -0.7238953 0.1956186 0.6951931 -0.2950409 0.6554825 0.7519654 -0.2502126 0.6098702 0.7844619 -0.02127791 0.6198118 -0.009424257 -0.0952553 0.9954082 0.332123 0.5303067 0.7800443 0.6863207 -0.3052747 0.6601298 0.9270204 0.346996 0.1422218 0.6315169 -0.007570092 0.7753252 0.8720514 0.1471142 0.4667804 0.873832 -0.02326305 0.4856712 0.8682618 0.02909012 0.4952528 0.6747521 0.3609702 0.643747 0.7859036 0.5368103 0.306904 0.4198611 0.7272106 -0.5430299 -0.08470148 0.8524957 -0.5158261 0.09053107 0.9455587 0.3126067 0.7731196 -0.2560818 0.5802656 0.6339439 -0.0106193 -0.7733061 -0.6033536 0.2516969 -0.7567121 -0.5230138 0.5032111 -0.6879209 -0.4145212 -0.03722084 -0.9092782 -0.6094045 -0.1946804 -0.7685869 0.5673904 -0.6879733 -0.4525051 0.8377413 0.03196494 0.5451311 -0.1369405 -0.9521297 -0.2733061 -0.6813543 -0.4678059 -0.5629511 0.8601134 -0.4708886 0.1961349 0.5893215 -0.3359957 0.7347157 0.8822003 0.2494278 0.399385 0.8736611 -0.1905541 0.4476666 0.9547977 -0.002146288 0.2972486 0.8351943 -0.1517026 0.5286177 0.9665942 0.1527943 0.2057898 0.6308366 0.7190167 -0.2916508 0.7072462 0.6120874 0.353768 0.9276402 0.2059335 0.3115688 -0.3336471 0.9409819 -0.05685676 -0.7491328 0.648598 0.1346135 -0.01352618 -0.03902755 0.9991466 0.5805327 -0.3396915 0.7399943  
																<SubMeshes>: 1
																	<SubMesh>: 0 210 0 1 2 3 4 5 6 3 5 3 6 7 7 8 3 8 7 9 10 8 9 8 10 11 12 11 10 11 12 13 13 14 11 15 16 17 16 15 18 19 18 15 18 19 20 21 20 19 20 21 22 20 23 18 23 20 22 24 18 23 18 24 25 24 26 25 22 27 23 27 22 28 23 29 24 29 23 27 26 24 30 29 30 24 27 31 29 28 32 27 31 27 32 30 29 33 31 33 29 32 28 34 34 35 32 35 34 36 36 28 37 38 37 28 39 32 35 32 39 31 40 35 36 40 39 35 41 40 36 39 40 42 43 39 42 44 31 39 39 43 44 31 44 45 33 31 45 46 44 43 46 45 44 47 46 43 45 46 48 33 45 48 49 48 46 33 48 50 33 50 30 50 48 51 48 49 51 52 51 49 53 52 54 55 54 52 56 30 57 57 55 56 58 56 55 30 56 26 56 58 26 59 26 58 26 59 60 37 61 21  
															</Mesh>
															<Materials>: 1
																<Material>: 0
																	<AlbedoColor>: 1 1 1 1
																	<SpecularColor>: 1 1 1 1
																	<AlbedoMap>: @DS_equipment_standard
															</Materials>
															<Children>: 0
														</Frame>
												</Frame>
										</Frame>
										<Frame>: 32 0 Bip001_Neck
											<Transform>: -0.2138268 -0.02877443 -4.048339E-08 2.915897E-06 3.030284E-05 349.0072 1 1 1 -4.732614E-14 2.656636E-07 -0.09578295 0.9954023  
											<TransformMatrix>: 0.9816512 -0.1906851 -5.288844E-07 0 0.1906851 0.9816512 -5.089219E-08 0 5.288844E-07 -5.0892E-08 1 0 -0.2138268 -0.02877443 -4.048339E-08 1  
											<Children>: 1
												<Frame>: 33 0 Bip001_Head
													<Transform>: -0.08782569 0.01471835 2.105645E-08 2.940084E-06 -3.042705E-05 11.03847 1 1 1 -1.497709E-13 -2.667628E-07 0.09617992 0.995364  
													<TransformMatrix>: 0.9814988 0.1914681 5.31052E-07 0 -0.1914681 0.9814988 -5.131474E-08 0 -5.310521E-07 -5.131415E-08 1 0 -0.08782569 0.01471835 2.105645E-08 1  
													<Children>: 2
														<Frame>: 34 0 Bip001_HeadNub
															<Transform>: -0.1545937 0 -8.662937E-16 -4.718268E-18 -3.882513E-19 0 1 0.9999999 0.9999999 -4.117466E-20 -3.388132E-21 -1.395049E-40 1  
															<TransformMatrix>: 1 0 6.776264E-21 0 5.580195E-40 0.9999999 -8.234931E-20 0 -6.776263E-21 8.234931E-20 0.9999999 0 -0.1545937 0 -8.662937E-16 1  
															<Children>: 0
														</Frame>
														<Frame>: 35 0 Bone_jaw
															<Transform>: -0.02186041 0.03030671 1.16272E-07 -4.757704E-05 180 305.0952 1 1 1 -0.4610118 0.887394 3.190149E-07 2.865352E-07  
															<TransformMatrix>: -0.5749363 -0.8181981 -8.026786E-07 0 -0.8181981 0.5749363 3.019917E-07 0 2.144E-07 8.303761E-07 -1 0 -0.02186041 0.03030671 1.16272E-07 1  
															<Children>: 0
														</Frame>
												</Frame>
										</Frame>
										<Frame>: 36 0 Bip001_R_Clavicle
											<Transform>: -0.1898626 9.628773E-08 -0.03730168 359.9016 79.81811 179.7104 1 1 1 0.6415669 0.002279819 0.7670624 0.001387763  
											<TransformMatrix>: -0.1767799 0.005054316 0.9842374 0 0.0007963113 -0.9999857 0.005278214 0 0.9842501 0.001716842 0.1767734 0 -0.1898626 9.628773E-08 -0.03730168 1  
											<Children>: 2
												<Frame>: 37 0 Bip001_R_UpperArm
													<Transform>: -0.1082689 -9.083748E-10 -1.16272E-07 323.4758 69.59142 355.98 1 1 0.9999999 -0.2761805 0.5325511 0.1513603 0.7856232  
													<TransformMatrix>: 0.3869589 -0.05633613 -0.9203744 0 -0.5319847 0.8016288 -0.2727334 0 0.7531634 0.5951616 0.2802275 0 -0.1082689 -9.083748E-10 -1.16272E-07 1  
													<Children>: 1
														<Frame>: 38 0 Bip001_R_Forearm
															<Transform>: -0.2757522 0 0 -3.265135E-06 1.01255E-06 12.73757 1 0.9999999 1 -2.733766E-08 1.194237E-08 0.1109275 0.9938285  
															<TransformMatrix>: 0.9753904 0.2204858 -2.980233E-08 0 -0.2204858 0.9753901 -5.168841E-08 0 1.767233E-08 5.698736E-08 1 0 -0.2757522 0 0 1  
															<Children>: 2
																<Frame>: 39 0 Bip001_R_Hand
																	<Transform>: -0.2034445 -2.1801E-08 2.906799E-08 78.7116 153.8114 153.138 1 1 1 0.7658903 0.03519331 0.02692272 0.6414426  
																	<TransformMatrix>: 0.9960733 0.08844721 -0.003909275 0 0.01936967 -0.1746257 0.9844444 0 0.08638868 -0.9806543 -0.1756531 0 -0.2034445 -2.1801E-08 2.906799E-08 1  
																	<Children>: 2
																		<Frame>: 40 0 Bip001_R_Finger0
																			<Transform>: -0.09128001 0 0 2.999861 4.838997 328.669 1 0.9999999 1 0.01378577 0.04769531 -0.2707513 0.9613682  
																			<TransformMatrix>: 0.8488378 -0.5192683 -0.09917054 0 0.5218984 0.8530073 0.000679275 0 0.08424047 -0.05233354 0.9950702 0 -0.09128001 0 0 1  
																			<Children>: 1
																				<Frame>: 41 0 Bip001_R_Finger0Nub
																					<Transform>: -0.06035324 2.906799E-08 0 -8.537737E-07 2.544444E-14 180 -1 -1 -1 1.110223E-16 7.450581E-09 1 1.490116E-08  
																					<TransformMatrix>: 1 -2.980232E-08 0 0 2.980232E-08 1 -1.490116E-08 0 -4.440892E-16 -1.490116E-08 -1 0 -0.06035324 2.906799E-08 0 1  
																					<Children>: 0
																				</Frame>
																		</Frame>
																		<Frame>: 42 0 Bone_weapon_grip
																			<Transform>: -0.07944992 0.01716541 0.0364633 89.03571 173.7877 265.1972 1 1 1 -0.4983868 0.5098793 -0.5023099 -0.4892019  
																			<TransformMatrix>: -0.02458418 -0.01677239 0.9995571 0 -0.9996963 -0.001409292 -0.02461124 0 0.001821369 -0.9998586 -0.0167327 0 -0.07944992 0.01716541 0.0364633 1  
																			<Children>: 2
																				<Frame>: 43 0 Bone_Arrow
																					<Transform>: -0.01430469 0.05773276 0.00294921 9.678223 244.1498 272.5126 0.9999999 0.9999998 0.9999999 0.6161638 -0.5790074 -0.3142203 0.4316924  
																					<TransformMatrix>: 0.1320321 -0.9848198 0.1126839 0 -0.4422336 0.04321556 0.895858 0 -0.8871285 -0.1681147 -0.4298147 0 -0.01430469 0.05773276 0.00294921 1  
																					<Children>: 0
																				</Frame>
																				<Frame>: 44 0 Mace
																					<Transform>: 0.03664119 -0.005373974 -4.694481E-05 0.1062419 89.99994 270.5036 1 0.9999999 1 -0.4973319 0.5026534 -0.4982636 0.5017309  
