<Frame>: 0 0 Elf_Mesh
	<Transform>: 0 -0.2 0 0 0 0 1 1 1 0 0 0 1  
	<TransformMatrix>: 1 0 0 0 0 1 0 0 0 0 1 0 0 -0.2 0 1  
	<Children>: 2
		<Frame>: 1 0 Bip001
			<Transform>: 0 0.8884193 -0.001429558 270.8299 0 89.99988 1 1 1 -0.4963652 0.4963645 0.5036086 0.5036093  
			<TransformMatrix>: 1.430511E-06 0.01448786 -0.999895 0 -1 0 -1.400709E-06 0 0 0.9998951 0.01448786 0 0 0.8884193 -0.001429558 1  
			<Children>: 2
				<Frame>: 2 0 Bip001_Footsteps
					<Transform>: -0.01280757 -6.819327E-10 -0.8839281 -2.668043E-08 0.8301222 270.0001 1 1 1 -0.005122364 0.00512237 -0.7070878 0.7070887  
					<TransformMatrix>: 1.370907E-06 -1 -1.909211E-08 0 0.9998951 1.370907E-06 -0.01448786 0 0.01448786 4.656613E-10 0.999895 0 -0.01280757 -6.819327E-10 -0.8839281 1  
					<Children>: 0
				</Frame>
				<Frame>: 3 0 Bip001_Pelvis
					<Transform>: 0 0 0 270 90 0 1 1 1 -0.4999996 0.5000004 0.4999996 0.5000004  
					<TransformMatrix>: 0 0 -1 0 -1 1.430511E-06 0 0 1.430511E-06 1 0 0 0 0 0 1  
					<Children>: 1
						<Frame>: 4 0 Bip001_Spine
							<Transform>: -0.1157603 -0.03255121 2.501943E-07 -0.0002383733 7.958434E-05 359.9544 1 1 1 -2.080476E-06 6.936761E-07 -0.0003981586 0.9999999  
							<TransformMatrix>: 0.9999997 -0.0007963171 -1.385695E-06 0 0.0007963171 0.9999997 -4.161504E-06 0 1.389009E-06 4.160399E-06 1 0 -0.1157603 -0.03255121 2.501943E-07 1  
							<Children>: 3
								<Frame>: 5 0 Bip001_L_Thigh
									<Transform>: 0.1157343 0.03264317 0.0912887 352.6497 172.4014 356.4799 1 1 1 -0.03482857 0.9951501 0.06189762 0.06805836  
									<TransformMatrix>: -0.9883101 -0.06089402 -0.1397682 0 -0.07774462 0.9899113 0.1184541 0 0.131145 0.1279356 -0.9830735 0 0.1157343 0.03264317 0.0912887 1  
									<Children>: 1
										<Frame>: 6 0 Bip001_L_Calf
											<Transform>: -0.4273355 4.768371E-09 0 1.006405E-06 -1.479056E-06 16.87882 0.9999998 1 0.9999999 6.793135E-09 -1.405639E-08 0.1467634 0.9891716  
											<TransformMatrix>: 0.9569208 0.2903484 2.980232E-08 0 -0.2903485 0.956921 9.313226E-09 0 -2.581439E-08 -1.756508E-08 0.9999999 0 -0.4273355 4.768371E-09 0 1  
											<Children>: 1
												<Frame>: 7 0 Bip001_L_Foot
													<Transform>: -0.3456665 9.536743E-09 1.907349E-08 358.6173 8.177469 346.859 1 1 0.9999999 -0.02011435 0.06945071 -0.1132716 0.9909297  
													<TransformMatrix>: 0.9646924 -0.2272823 -0.1330848 0 0.2216944 0.9735301 -0.05559739 0 0.1421983 0.02413022 0.989544 0 -0.3456665 9.536743E-09 1.907349E-08 1  
													<Children>: 1
														<Frame>: 8 0 Bip001_L_Toe0
															<Transform>: -0.1278706 0.2007408 1.907349E-08 1.366038E-05 1.98582E-05 270 1 1 1 -3.82447E-08 2.068321E-07 -0.7071068 0.7071067  
															<TransformMatrix>: -1.192093E-07 -1 -2.384186E-07 0 0.9999999 -1.192093E-07 -3.46591E-07 0 3.465909E-07 -2.384186E-07 1 0 -0.1278706 0.2007408 1.907349E-08 1  
															<Children>: 1
																<Frame>: 9 0 Bip001_L_Toe0Nub
																	<Transform>: -0.09480058 0 0 4.07111E-13 1.083589E-13 180 -0.9999999 -1 -0.9999999 9.456094E-16 -3.552714E-15 1 6.123234E-17  
																	<TransformMatrix>: 0.9999999 -1.224647E-16 -1.891219E-15 0 1.224647E-16 1 7.105427E-15 0 -1.891219E-15 7.105427E-15 -0.9999999 0 -0.09480058 0 0 1  
																	<Children>: 0
																</Frame>
														</Frame>
												</Frame>
										</Frame>
								</Frame>
								<Frame>: 10 0 Bip001_R_Thigh
									<Transform>: 0.1157343 0.03264367 -0.0912886 7.349916 187.5982 356.5045 1 1 1 -0.03461506 0.9951581 -0.06190885 -0.06804145  
									<TransformMatrix>: -0.9883446 -0.06047017 0.13971 0 -0.07731965 0.9899383 -0.1185077 0 -0.131138 -0.1279287 -0.9830755 0 0.1157343 0.03264367 -0.0912886 1  
									<Children>: 1
										<Frame>: 11 0 Bip001_R_Calf
											<Transform>: -0.4273355 0 0 1.458591E-06 -2.234047E-06 16.87999 0.9999999 1 0.9999999 9.7293E-09 -2.115282E-08 0.1467736 0.9891701  
											<TransformMatrix>: 0.956915 0.290368 4.470348E-08 0 -0.2903681 0.9569151 1.303852E-08 0 -3.899147E-08 -2.545721E-08 0.9999999 0 -0.4273355 0 0 1  
											<Children>: 1
												<Frame>: 12 0 Bip001_R_Foot
													<Transform>: -0.3456666 1.430511E-08 -1.907349E-08 1.379245 351.8223 346.8334 1 0.9999999 1 0.02010026 -0.06945173 -0.1134949 0.9909043  
													<TransformMatrix>: 0.9645907 -0.2277171 0.1330775 0 0.2221331 0.9734297 0.0555997 0 -0.1422026 -0.02407004 0.9895449 0 -0.3456666 1.430511E-08 -1.907349E-08 1  
													<Children>: 1
														<Frame>: 13 0 Bip001_R_Toe0
															<Transform>: -0.1278706 0.2007408 -1.907349E-08 -1.707547E-05 -4.251601E-05 270 1 1 1 1.569852E-07 -3.677194E-07 -0.7071068 0.7071068  
															<TransformMatrix>: -1.192093E-07 -1 2.980233E-07 0 1 -1.192093E-07 7.420444E-07 0 -7.420446E-07 2.980233E-07 1 0 -0.1278706 0.2007408 -1.907349E-08 1  
															<Children>: 1
																<Frame>: 14 0 Bip001_R_Toe0Nub
																	<Transform>: -0.09480062 0 1.907349E-08 -1.516606E-21 8.537733E-07 1.017777E-13 1 1 1 -6.617441E-24 7.450577E-09 8.881783E-16 1  
																	<TransformMatrix>: 1 1.776357E-15 -1.490116E-08 0 -1.776357E-15 1 0 0 1.490116E-08 2.646977E-23 1 0 -0.09480062 0 1.907349E-08 1  
																	<Children>: 0
																</Frame>
														</Frame>
												</Frame>
										</Frame>
								</Frame>
								<Frame>: 15 0 Bip001_Spine1
									<Transform>: -0.09972022 -8.348465E-05 -2.315573E-10 3.075596E-12 0 0 1 1 1 2.683964E-14 0 0 1  
									<TransformMatrix>: 1 0 0 0 0 1 5.367928E-14 0 0 -5.367928E-14 1 0 -0.09972022 -8.348465E-05 -2.315573E-10 1  
									<Children>: 1
										<Frame>: 16 0 Bip001_Spine2
											<Transform>: -0.1048492 -0.0001940584 -5.38239E-10 3.075596E-12 0 0 1 1 1 2.683964E-14 0 0 1  
											<TransformMatrix>: 1 0 0 0 0 1 5.367928E-14 0 0 -5.367928E-14 1 0 -0.1048492 -0.0001940584 -5.38239E-10 1  
											<Children>: 1
												<Frame>: 17 0 Bip001_Neck
													<Transform>: -0.2437138 -6.960869E-05 -1.930675E-10 3.13814E-07 9.981886E-06 356.3987 1 1 1 9.164307E-14 8.715142E-08 -0.03142177 0.9995062  
													<TransformMatrix>: 0.9980254 -0.06281251 -1.742168E-07 0 0.06281251 0.9980254 -5.47672E-09 0 1.742168E-07 -5.477087E-09 1 0 -0.2437138 -6.960869E-05 -1.930675E-10 1  
													<Children>: 3
														<Frame>: 18 0 Bip001_Head
															<Transform>: -0.08758774 -9.536743E-09 0 3.631255E-06 3.377781E-05 347.7281 1 1 1 1.835836E-13 2.964655E-07 -0.1068876 0.9942711  
															<TransformMatrix>: 0.9771502 -0.2125506 -5.895342E-07 0 0.2125506 0.9771501 -6.337662E-08 0 5.895341E-07 -6.337735E-08 1 0 -0.08758774 -9.536743E-09 0 1  
															<Children>: 1
																<Frame>: 19 0 Bip001_HeadNub
																	<Transform>: -0.300234 0 0 4.885332E-12 -6.513776E-12 0 1 1 1 4.263256E-14 -5.684342E-14 2.423381E-27 1  
																	<TransformMatrix>: 1 0 1.136868E-13 0 -9.693523E-27 1 8.526513E-14 0 -1.136868E-13 -8.526513E-14 1 0 -0.300234 0 0 1  
																	<Children>: 0
																</Frame>
														</Frame>
														<Frame>: 20 0 Bip001_L_Clavicle
															<Transform>: 0.1028476 -0.01677227 0.05007589 3.646888 270 180 1 1 1 0.7067488 0.02249995 -0.7067488 0.02249995  
															<TransformMatrix>: -1.192093E-07 0 -1 0 0.06360724 -0.9979753 0 0 -0.9979752 -0.06360724 -1.192093E-07 0 0.1028476 -0.01677227 0.05007589 1  
															<Children>: 1
																<Frame>: 21 0 Bip001_L_UpperArm
																	<Transform>: -0.1531582 0 0 5.576962 346.7031 1.845949 1 1 1 0.04645279 -0.1164031 0.02161267 0.9918797  
																	<TransformMatrix>: 0.9719664 0.03205983 0.2329237 0 -0.05368884 0.9947502 0.0871196 0 -0.2289078 -0.09718272 0.9685849 0 -0.1531582 0 0 1  
																	<Children>: 1
																		<Frame>: 22 0 Bip001_L_Forearm
																			<Transform>: -0.2691605 0 0 -2.883289E-07 -1.800724E-06 11.45916 0.9999999 0.9999999 0.9999999 -4.072386E-09 -1.538458E-08 0.09983344 0.9950042  
																			<TransformMatrix>: 0.9800665 0.1986693 2.980232E-08 0 -0.1986693 0.9800665 -1.117587E-08 0 -3.142856E-08 5.032289E-09 0.9999999 0 -0.2691605 0 0 1  
																			<Children>: 1
																				<Frame>: 23 0 Bip001_L_Hand
																					<Transform>: -0.2698353 0 -1.525879E-07 285.6513 153.0795 193.3651 0.9999999 1 1 -0.7860163 -0.04951957 -0.1158292 0.6052353  
																					<TransformMatrix>: 0.9682627 -0.06236144 0.2420292 0 0.2180542 -0.2624762 -0.939978 0 0.1221453 0.9629213 -0.2405478 0 -0.2698353 0 -1.525879E-07 1  
																					<Children>: 5
																						<Frame>: 24 0 Bip001_L_Finger0
																							<Transform>: -0.03289681 0.02342606 -0.05249439 40.90306 295.3103 312.5557 1 1 0.9999999 0.4719288 -0.3401757 -0.147312 0.7999143  
																							<TransformMatrix>: 0.7251594 -0.5567513 0.4051812 0 -0.08540344 0.5111648 0.8552291 0 -0.6832643 -0.6547812 0.3231274 0 -0.03289681 0.02342606 -0.05249439 1  
																							<Children>: 1
																								<Frame>: 25 0 Bip001_L_Finger01
																									<Transform>: -0.03766724 -7.629394E-08 7.629394E-08 0 0 346.631 0.9999999 0.9999999 0.9999999 0 0 -0.1164022 0.9932022  
																									<TransformMatrix>: 0.972901 -0.2312218 0 0 0.2312218 0.972901 0 0 0 0 0.9999999 0 -0.03766724 -7.629394E-08 7.629394E-08 1  
																									<Children>: 1
																										<Frame>: 26 0 Bip001_L_Finger02
																											<Transform>: -0.03766724 0 -1.525879E-07 1.453616E-06 -3.454695E-07 346.631 1 0.9999999 0.9999999 1.294988E-08 -1.517713E-09 -0.1164022 0.9932022  
																											<TransformMatrix>: 0.9729012 -0.2312219 0 0 0.2312219 0.9729009 2.607703E-08 0 -6.029581E-09 -2.537038E-08 0.9999999 0 -0.03766724 0 -1.525879E-07 1  
																											<Children>: 1
																												<Frame>: 27 0 Bip001_L_Finger0Nub
																													<Transform>: -0.03766731 0 7.629394E-08 -2.134434E-07 0 0 0.9999999 0.9999999 0.9999999 -1.862645E-09 0 0 1  
																													<TransformMatrix>: 0.9999999 0 0 0 0 0.9999999 -3.72529E-09 0 0 3.72529E-09 0.9999999 0 -0.03766731 0 7.629394E-08 1  
																													<Children>: 0
																												</Frame>
																										</Frame>
																								</Frame>
																						</Frame>
																						<Frame>: 28 0 Bip001_L_Finger1
																							<Transform>: -0.1211434 0.004458008 -0.04204014 359.9544 1.101819E-06 353.9345 1 0.9999999 1 -0.0003976022 -2.105581E-05 -0.05290698 0.9985994  
																							<TransformMatrix>: 0.9944017 -0.1056657 8.412451E-05 0 0.1056658 0.9944013 -0.0007918625 0 1.923036E-08 0.0007963188 0.9999998 0 -0.1211434 0.004458008 -0.04204014 1  
																							<Children>: 1
																								<Frame>: 29 0 Bip001_L_Finger11
																									<Transform>: -0.03677338 0 1.907349E-08 -3.196309E-07 -1.730834E-06 335.5009 1 1 1 4.788954E-10 -1.53523E-08 -0.2121701 0.9772328  
																									<TransformMatrix>: 0.9099678 -0.4146792 2.980233E-08 0 0.4146791 0.9099677 7.450581E-09 0 -3.020876E-08 5.578612E-09 1 0 -0.03677338 0 1.907349E-08 1  
																									<Children>: 1
																										<Frame>: 30 0 Bip001_L_Finger12
																											<Transform>: -0.03007168 0 0 -8.991647E-07 1.029264E-06 349.8003 1 1 1 -8.61406E-09 8.248958E-09 -0.08889206 0.9960413  
																											<TransformMatrix>: 0.9841965 -0.1770803 -1.490116E-08 0 0.1770803 0.9841965 -1.862645E-08 0 1.796405E-08 1.569339E-08 1 0 -0.03007168 0 0 1  
																											<Children>: 1
																												<Frame>: 31 0 Bip001_L_Finger1Nub
																													<Transform>: -0.03007164 0 -1.907349E-08 0 0 0 0.9999999 0.9999999 0.9999999 0 0 0 1  
																													<TransformMatrix>: 0.9999999 0 0 0 0 0.9999999 0 0 0 0 0.9999999 0 -0.03007164 0 -1.907349E-08 1  
																													<Children>: 0
																												</Frame>
																										</Frame>
																								</Frame>
																						</Frame>
																						<Frame>: 32 0 Bip001_L_Finger2
																							<Transform>: -0.1246338 -7.171631E-06 -0.009131889 359.9544 5.236035E-07 344.7799 1 0.9999999 1 -0.000394655 -5.272419E-05 -0.1324306 0.9911922  
																							<TransformMatrix>: 0.9649243 -0.2625282 0.0002090484 0 0.2625283 0.9649239 -0.0007683932 0 9.138604E-09 0.0007963226 0.9999998 0 -0.1246338 -7.171631E-06 -0.009131889 1  
																							<Children>: 1
																								<Frame>: 33 0 Bip001_L_Finger21
																									<Transform>: -0.04490513 -1.525879E-07 0 6.771018E-07 6.728263E-07 341.3836 0.9999999 0.9999999 0.9999999 4.881334E-09 6.749929E-09 -0.1617452 0.9868326  
																									<TransformMatrix>: 0.9476769 -0.3192308 -1.490116E-08 0 0.3192308 0.9476769 7.45058E-09 0 1.174303E-08 -1.181765E-08 0.9999999 0 -0.04490513 -1.525879E-07 0 1  
																									<Children>: 1
																										<Frame>: 34 0 Bip001_L_Finger22
																											<Transform>: -0.03082787 0 0 1.808277E-07 8.344045E-07 347.7722 0.9999999 0.9999999 1 7.93523E-10 7.408203E-09 -0.1065048 0.9943122  
																											<TransformMatrix>: 0.9773134 -0.2117981 -1.490116E-08 0 0.2117981 0.9773134 0 0 1.456311E-08 -3.156038E-09 1 0 -0.03082787 0 0 1  
																											<Children>: 1
																												<Frame>: 35 0 Bip001_L_Finger2Nub
																													<Transform>: -0.03508362 7.629394E-08 0 2.134434E-07 -6.361111E-15 -1.707548E-06 0.9999999 0.9999999 0.9999999 1.862645E-09 -2.775558E-17 -1.490116E-08 1  
																													<TransformMatrix>: 0.9999999 -2.980232E-08 -6.617445E-24 0 2.980232E-08 0.9999999 3.72529E-09 0 -1.110223E-16 -3.72529E-09 0.9999999 0 -0.03508362 7.629394E-08 0 1  
																													<Children>: 0
																												</Frame>
																										</Frame>
																								</Frame>
																						</Frame>
																						<Frame>: 36 0 Bip001_L_Finger3
																							<Transform>: -0.1186944 0.005757446 0.02070801 359.9544 -6.795173E-07 341.3423 1 1 1 -0.0003928937 -6.454796E-05 -0.1621007 0.9867741  
																							<TransformMatrix>: 0.9474468 -0.3199134 0.0002547652 0 0.3199135 0.9474465 -0.0007544681 0 -1.185981E-08 0.0007963213 0.9999998 0 -0.1186944 0.005757446 0.02070801 1  
																							<Children>: 1
																								<Frame>: 37 0 Bip001_L_Finger31
																									<Transform>: -0.03762573 0 0 6.505083E-07 1.578783E-06 337.6068 0.9999999 1 0.9999999 2.89345E-09 1.461754E-08 -0.1941761 0.9809667  
																									<TransformMatrix>: 0.9245912 -0.3809606 -2.980232E-08 0 0.3809606 0.9245912 0 0 2.755497E-08 -1.135351E-08 0.9999999 0 -0.03762573 0 0 1  
																									<Children>: 1
																										<Frame>: 38 0 Bip001_L_Finger32
																											<Transform>: -0.03007171 0 -1.907349E-08 6.229781E-07 -1.480583E-07 346.631 0.9999999 0.9999999 1 5.54995E-09 -6.504481E-10 -0.1164022 0.9932022  
																											<TransformMatrix>: 0.972901 -0.2312218 0 0 0.2312218 0.972901 1.117587E-08 0 -2.584106E-09 -1.087302E-08 1 0 -0.03007171 0 -1.907349E-08 1  
																											<Children>: 1
																												<Frame>: 39 0 Bip001_L_Finger3Nub
																													<Transform>: -0.03007164 7.629394E-08 9.536743E-09 -3.201652E-07 8.537738E-07 4.268869E-07 0.9999999 0.9999999 0.9999999 -2.793968E-09 7.450581E-09 3.725291E-09 1  
																													<TransformMatrix>: 0.9999999 7.450581E-09 -1.490116E-08 0 -7.450581E-09 0.9999999 -5.587935E-09 0 1.490116E-08 5.587935E-09 0.9999999 0 -0.03007164 7.629394E-08 9.536743E-09 1  
																													<Children>: 0
																												</Frame>
																										</Frame>
																								</Frame>
																						</Frame>
																						<Frame>: 40 0 Bip001_L_Finger4
																							<Transform>: -0.1061761 0.01507767 0.0449896 0.9428174 3.451525 338.4429 1 0.9999999 1 0.00244687 0.03112132 -0.1871658 0.9818322  
																							<TransformMatrix>: 0.9280009 -0.3673785 -0.06202777 0 0.3676831 0.9299259 -0.006844863 0 0.06019589 -0.01645453 0.9980509 0 -0.1061761 0.01507767 0.0449896 1  
																							<Children>: 1
																								<Frame>: 41 0 Bip001_L_Finger41
																									<Transform>: -0.02903641 0 0 2.076594E-07 -4.935278E-08 346.631 0.9999999 0.9999999 0.9999999 1.849983E-09 -2.16816E-10 -0.1164022 0.9932022  
																									<TransformMatrix>: 0.972901 -0.2312218 0 0 0.2312218 0.972901 3.72529E-09 0 -8.613685E-10 -3.624339E-09 0.9999999 0 -0.02903641 0 0 1  
																									<Children>: 1
																										<Frame>: 42 0 Bip001_L_Finger42
																											<Transform>: -0.02446514 -7.629394E-08 0 -2.076593E-07 4.93528E-08 346.631 0.9999999 0.9999999 1 -1.849983E-09 2.168161E-10 -0.1164022 0.9932021  
																											<TransformMatrix>: 0.972901 -0.2312219 -2.775557E-17 0 0.2312219 0.972901 -3.72529E-09 0 8.613688E-10 3.624339E-09 1 0 -0.02446514 -7.629394E-08 0 1  
																											<Children>: 1
																												<Frame>: 43 0 Bip001_L_Finger4Nub
																													<Transform>: -0.02505974 -7.629394E-08 0 0 -4.268868E-07 0 1 1 1 0 -3.72529E-09 0 1  
																													<TransformMatrix>: 1 0 7.450581E-09 0 0 1 0 0 -7.450581E-09 0 1 0 -0.02505974 -7.629394E-08 0 1  
																													<Children>: 0
																												</Frame>
																										</Frame>
																								</Frame>
																						</Frame>
																				</Frame>
																		</Frame>
																</Frame>
														</Frame>
														<Frame>: 44 0 Bip001_R_Clavicle
															<Transform>: 0.1028476 -0.01677199 -0.05007599 356.3531 90 180 1 1 1 0.7067488 0.02249995 0.7067488 -0.02249995  
															<TransformMatrix>: -1.192093E-07 0 1 0 0.06360724 -0.9979753 0 0 0.9979752 0.06360724 -1.192093E-07 0 0.1028476 -0.01677199 -0.05007599 1  
															<Children>: 1
																<Frame>: 45 0 Bip001_R_UpperArm
																	<Transform>: -0.1531581 0 0 354.423 13.29687 1.845949 1 1 1 -0.04645279 0.1164031 0.02161267 0.9918797  
																	<TransformMatrix>: 0.9719664 0.03205983 -0.2329237 0 -0.05368884 0.9947502 -0.0871196 0 0.2289078 0.09718272 0.9685849 0 -0.1531581 0 0 1  
																	<Children>: 1
																		<Frame>: 46 0 Bip001_R_Forearm
																			<Transform>: -0.2691605 -1.907349E-08 0 2.487589E-07 9.215644E-07 11.45916 0.9999999 0.9999998 0.9999999 2.962863E-09 7.785268E-09 0.09983344 0.9950042  
																			<TransformMatrix>: 0.9800665 0.1986693 -1.490116E-08 0 -0.1986693 0.9800664 7.450581E-09 0 1.608433E-08 -4.341661E-09 0.9999999 0 -0.2691605 -1.907349E-08 0 1  
																			<Children>: 1
																				<Frame>: 47 0 Bip001_R_Hand
																					<Transform>: -0.2698354 1.907349E-08 0 74.34867 206.9205 193.365 0.9999999 0.9999999 1 0.7860163 0.04951958 -0.1158292 0.6052353  
																					<TransformMatrix>: 0.9682627 -0.06236143 -0.2420292 0 0.2180542 -0.2624762 0.9399779 0 -0.1221453 -0.9629213 -0.2405478 0 -0.2698354 1.907349E-08 0 1  
																					<Children>: 5
																						<Frame>: 48 0 Bip001_R_Finger0
																							<Transform>: -0.03289692 0.02342606 0.05249438 319.0969 64.68974 312.5557 0.9999999 1 1 -0.4719288 0.3401757 -0.147312 0.7999143  
																							<TransformMatrix>: 0.7251593 -0.5567513 -0.4051811 0 -0.08540338 0.5111648 -0.8552291 0 0.6832644 0.6547812 0.3231274 0 -0.03289692 0.02342606 0.05249438 1  
																							<Children>: 1
																								<Frame>: 49 0 Bip001_R_Finger01
																									<Transform>: -0.03766727 0 0 2.035601E-06 3.026433E-06 346.631 1 0.9999999 1 1.456896E-08 2.829884E-08 -0.1164022 0.9932022  
																									<TransformMatrix>: 0.972901 -0.2312218 -5.960465E-08 0 0.2312218 0.972901 2.235175E-08 0 5.282122E-08 -3.552793E-08 1 0 -0.03766727 0 0 1  
																									<Children>: 1
																										<Frame>: 50 0 Bip001_R_Finger02
																											<Transform>: -0.03766724 -7.629394E-08 -7.629394E-08 -2.50216E-06 1.472224E-06 346.631 0.9999999 0.9999999 1 -2.318252E-08 1.021854E-08 -0.1164022 0.9932021  
																											<TransformMatrix>: 0.9729009 -0.2312219 -1.490116E-08 0 0.2312219 0.972901 -4.842877E-08 0 2.569515E-08 4.367093E-08 1 0 -0.03766724 -7.629394E-08 -7.629394E-08 1  
																											<Children>: 1
																												<Frame>: 51 0 Bip001_R_Finger0Nub
																													<Transform>: -0.03766731 0 7.629394E-08 0 0 180 -1 -1 -1 0 0 1 7.450584E-09  
																													<TransformMatrix>: 1 -1.490117E-08 0 0 1.490117E-08 1 0 0 0 0 -1 0 -0.03766731 0 7.629394E-08 1  
																													<Children>: 0
																												</Frame>
																										</Frame>
																								</Frame>
																						</Frame>
																						<Frame>: 52 0 Bip001_R_Finger1
																							<Transform>: -0.1211435 0.004458008 0.04204015 0.04562523 -1.484099E-06 353.9345 0.9999999 0.9999999 0.9999999 0.0003975983 2.105228E-05 -0.05290702 0.9985994  
																							<TransformMatrix>: 0.9944016 -0.1056658 -8.411705E-05 0 0.1056658 0.9944013 0.0007918552 0 -2.590241E-08 -0.0007963104 0.9999996 0 -0.1211435 0.004458008 0.04204015 1  
																							<Children>: 1
																								<Frame>: 53 0 Bip001_R_Finger11
																									<Transform>: -0.03677338 0 1.907349E-08 -1.130949E-06 -4.228643E-07 335.5009 0.9999999 0.9999999 0.9999999 -8.861742E-09 -5.700161E-09 -0.2121701 0.9772328  
																									<TransformMatrix>: 0.9099677 -0.4146791 1.490116E-08 0 0.4146791 0.9099677 -1.490116E-08 0 -7.380374E-09 1.973878E-08 0.9999999 0 -0.03677338 0 1.907349E-08 1  
																									<Children>: 1
																										<Frame>: 54 0 Bip001_R_Finger12
																											<Transform>: -0.03007175 1.525879E-07 0 -4.201405E-07 7.559326E-08 349.8003 0.9999999 0.9999999 0.9999999 -3.710543E-09 3.311487E-10 -0.08889206 0.9960413  
																											<TransformMatrix>: 0.9841964 -0.1770803 5.551115E-17 0 0.1770803 0.9841964 -7.450581E-09 0 1.319351E-09 7.332835E-09 0.9999999 0 -0.03007175 1.525879E-07 0 1  
																											<Children>: 1
																												<Frame>: 55 0 Bip001_R_Finger1Nub
																													<Transform>: -0.03007171 0 0 -4.268868E-07 1.272222E-14 180 -1 -1 -1 5.551114E-17 3.72529E-09 1 1.490116E-08  
																													<TransformMatrix>: 1 -2.980232E-08 0 0 2.980232E-08 1 -7.450581E-09 0 -2.220446E-16 -7.450581E-09 -1 0 -0.03007171 0 0 1  
																													<Children>: 0
																												</Frame>
																										</Frame>
																								</Frame>
																						</Frame>
																						<Frame>: 56 0 Bip001_R_Finger2
																							<Transform>: -0.1246339 -7.324219E-06 0.00913188 0.04562562 4.168818E-10 344.7799 1 1 0.9999999 0.0003946518 5.272838E-05 -0.1324306 0.9911922  
																							<TransformMatrix>: 0.9649243 -0.2625283 -0.0002090558 0 0.2625283 0.964924 0.0007683858 0 7.275957E-12 -0.0007963172 0.9999996 0 -0.1246339 -7.324219E-06 0.00913188 1  
																							<Children>: 1
																								<Frame>: 57 0 Bip001_R_Finger21
																									<Transform>: -0.04490517 0 0 -6.771016E-07 -6.728263E-07 341.3836 0.9999999 1 0.9999999 -4.881333E-09 -6.749928E-09 -0.1617451 0.9868326  
																									<TransformMatrix>: 0.947677 -0.3192307 1.490116E-08 0 0.3192308 0.947677 -7.450581E-09 0 -1.174303E-08 1.181765E-08 0.9999999 0 -0.04490517 0 0 1  
																									<Children>: 1
																										<Frame>: 58 0 Bip001_R_Finger22
																											<Transform>: -0.03082787 1.525879E-07 0 2.777344E-08 -8.796115E-07 347.7722 0.9999998 0.9999999 0.9999999 1.058528E-09 -7.606585E-09 -0.1065048 0.9943122  
																											<TransformMatrix>: 0.9773133 -0.2117981 1.490116E-08 0 0.2117981 0.9773134 3.72529E-09 0 -1.535211E-08 -4.847379E-10 0.9999999 0 -0.03082787 1.525879E-07 0 1  
																											<Children>: 1
																												<Frame>: 59 0 Bip001_R_Finger2Nub
																													<Transform>: -0.03508362 0 0 -2.134434E-07 -8.537737E-07 180 -1 -1 -1 -7.450581E-09 1.862645E-09 1 7.511013E-17  
																													<TransformMatrix>: 1 -1.224647E-16 1.490116E-08 0 1.779758E-16 1 -3.72529E-09 0 1.490116E-08 -3.72529E-09 -1 0 -0.03508362 0 0 1  
																													<Children>: 0
																												</Frame>
																										</Frame>
																								</Frame>
																						</Frame>
																						<Frame>: 60 0 Bip001_R_Finger3
																							<Transform>: -0.1186945 0.005757446 -0.02070801 0.0456253 -9.396516E-07 341.3423 0.9999999 1 0.9999999 0.0003928913 6.453325E-05 -0.1621007 0.9867741  
																							<TransformMatrix>: 0.9474467 -0.3199134 -0.0002547353 0 0.3199136 0.9474465 0.0007544681 0 -1.640001E-08 -0.0007963116 0.9999996 0 -0.1186945 0.005757446 -0.02070801 1  
																							<Children>: 1
																								<Frame>: 61 0 Bip001_R_Finger31
																									<Transform>: -0.03762569 -1.525879E-07 -9.536743E-09 -1.973479E-07 8.131352E-08 337.6068 1 1 1 -1.827193E-09 3.616812E-10 -0.1941761 0.9809667  
																									<TransformMatrix>: 0.9245913 -0.3809606 0 0 0.3809606 0.9245913 -3.72529E-09 0 1.419189E-09 3.444371E-09 1 0 -0.03762569 -1.525879E-07 -9.536743E-09 1  
																									<Children>: 1
																										<Frame>: 62 0 Bip001_R_Finger32
																											<Transform>: -0.03007164 0 -9.536743E-09 6.127299E-07 7.319318E-07 346.631 0.9999999 0.9999999 0.9999999 4.567231E-09 6.966302E-09 -0.1164022 0.9932022  
																											<TransformMatrix>: 0.9729009 -0.2312218 -1.490116E-08 0 0.2312218 0.9729009 7.450581E-09 0 1.277462E-08 -1.069415E-08 0.9999999 0 -0.03007164 0 -9.536743E-09 1  
																											<Children>: 1
																												<Frame>: 63 0 Bip001_R_Finger3Nub
																													<Transform>: -0.03007171 -7.629394E-08 -9.536743E-09 3.201652E-07 -2.385417E-15 180 -0.9999999 -0.9999999 -0.9999999 -1.040835E-17 -2.793968E-09 1 3.725292E-09  
																													<TransformMatrix>: 0.9999999 -7.450583E-09 -1.654361E-24 0 7.450583E-09 0.9999999 5.587935E-09 0 4.163338E-17 5.587935E-09 -0.9999999 0 -0.03007171 -7.629394E-08 -9.536743E-09 1  
																													<Children>: 0
																												</Frame>
																										</Frame>
																								</Frame>
																						</Frame>
																						<Frame>: 64 0 Bip001_R_Finger4
																							<Transform>: -0.1061761 0.01507767 -0.0449896 359.0572 356.5485 338.4429 1 0.9999999 0.9999999 -0.002446879 -0.03112132 -0.1871658 0.9818322  
																							<TransformMatrix>: 0.9280008 -0.3673786 0.06202778 0 0.3676831 0.9299259 0.006844848 0 -0.06019589 0.01645454 0.9980509 0 -0.1061761 0.01507767 -0.0449896 1  
																							<Children>: 1
																								<Frame>: 65 0 Bip001_R_Finger41
																									<Transform>: -0.02903645 0 9.536743E-09 9.870558E-08 4.153186E-07 346.631 1 1 1 4.33632E-10 3.699966E-09 -0.1164022 0.9932022  
																									<TransformMatrix>: 0.9729012 -0.2312219 -7.450581E-09 0 0.2312219 0.972901 -5.551115E-17 0 7.248678E-09 -1.722737E-09 1 0 -0.02903645 0 9.536743E-09 1  
																									<Children>: 1
																										<Frame>: 66 0 Bip001_R_Finger42
																											<Transform>: -0.0244651 0 -9.536743E-09 3.012408E-07 8.059609E-07 346.631 1 0.9999999 1 1.792256E-09 7.291525E-09 -0.1164022 0.9932022  
																											<TransformMatrix>: 0.972901 -0.2312219 -1.490116E-08 0 0.2312219 0.972901 1.862645E-09 0 1.406667E-08 -5.257645E-09 1 0 -0.0244651 0 -9.536743E-09 1  
																											<Children>: 1
																												<Frame>: 67 0 Bip001_R_Finger4Nub
																													<Transform>: -0.02505981 7.629394E-08 9.536743E-09 1.067217E-07 4.268868E-07 180 -1 -1 -1 3.72529E-09 -9.313226E-10 1 6.470179E-17  
																													<TransformMatrix>: 1 -1.224647E-16 -7.450581E-09 0 1.363425E-16 1 1.862645E-09 0 -7.450581E-09 1.862645E-09 -1 0 -0.02505981 7.629394E-08 9.536743E-09 1  
																													<Children>: 0
																												</Frame>
																										</Frame>
																								</Frame>
																						</Frame>
																				</Frame>
																		</Frame>
																</Frame>
														</Frame>
												</Frame>
										</Frame>
								</Frame>
						</Frame>
				</Frame>
		</Frame>
		<Frame>: 68 0 Body_Mesh
			<Transform>: 0 0.0002653885 -0.005351068 270 0 0 1 1 1 -0.7071068 0 0 0.7071068  
			<TransformMatrix>: 1 0 0 0 0 -1.192093E-07 -1 0 0 1 -1.192093E-07 0 0 0.0002653885 -0.005351068 1  
			<SkinningInfo>:  Body_Mesh
				<BonesPerVertex>: 4
				<Bounds>: -0.03737071 0.05178773 -2.980232E-07 0.9258279 0.2186329 0.8901167
				<BoneNames>: 52 Bip001_Head Bip001_Spine2 Bip001_Neck Bip001_Spine1 Bip001_L_Clavicle Bip001_Spine Bip001_L_UpperArm Bip001_Pelvis Bip001_L_Forearm Bip001_L_Hand Bip001_L_Finger0 Bip001_L_Finger1 Bip001_L_Finger2 Bip001_L_Finger11 Bip001_L_Finger21 Bip001_L_Finger12 Bip001_L_Finger22 Bip001_L_Finger3 Bip001_L_Finger31 Bip001_L_Finger32 Bip001_L_Finger4 Bip001_L_Finger41 Bip001_L_Finger42 Bip001_L_Finger01 Bip001_L_Finger02 Bip001_L_Thigh Bip001_R_Thigh Bip001_R_Calf Bip001_L_Calf Bip001_L_Foot Bip001_R_Foot Bip001_L_Toe0 Bip001_R_Clavicle Bip001_R_UpperArm Bip001_R_Forearm Bip001_R_Hand Bip001_R_Finger0 Bip001_R_Finger1 Bip001_R_Finger2 Bip001_R_Finger11 Bip001_R_Finger21 Bip001_R_Finger12 Bip001_R_Finger22 Bip001_R_Finger3 Bip001_R_Finger31 Bip001_R_Finger32 Bip001_R_Finger4 Bip001_R_Finger41 Bip001_R_Finger42 Bip001_R_Finger01 Bip001_R_Finger02 Bip001_R_Toe0  
				<BoneOffsets>: 52 1.989974E-07 1.417213E-06 -1 0 0.1451548 -0.9894091 -1.373318E-06 0 -0.9894089 -0.1451548 -4.026049E-07 0 1.522095 0.2347228 6.138528E-07 1 -1.412065E-13 1.402693E-06 -1 0 0 -1 -1.402692E-06 0 -1 0 -4.163336E-15 0 1.210189 0.02731478 3.858031E-08 1 2.487344E-07 1.425447E-06 -1 0 0.1814379 -0.9834025 -1.356658E-06 0 -0.9834023 -0.1814379 -5.032362E-07 0 1.424847 0.2905326 7.686414E-07 1 -1.412065E-13 1.402693E-06 -1 0 0 -1 -1.402692E-06 0 -1 0 -4.163336E-15 0 1.10534 0.02720422 3.827347E-08 1 1 1.370907E-06 -4.371119E-08 0 -1.370907E-06 1 1.455192E-09 0 4.371133E-08 0 1 0 0.05007591 -0.05047034 -1.35233 1 -1.412065E-13 1.402693E-06 -1 0 0 -1 -1.402692E-06 0 -1 0 -4.163336E-15 0 1.00562 0.02720014 3.826221E-08 1 0.6788275 0.06044045 -0.7318061 0 -0.09933487 0.9950041 -0.009965373 0 0.7275478 0.07945864 0.68144 0 -0.8409106 -0.1453892 -1.069757 1 5.20417E-15 -2.757707E-06 -1 0 1.455192E-09 -1 2.757707E-06 0 -1 0 2.775558E-15 0 0.8898593 -0.005351068 1.475667E-08 1 0.6653389 -0.1475939 -0.7318062 0 0.206098 0.9784805 -0.009965384 0 0.7175289 -0.1441934 0.68144 0 -0.5889511 0.03425051 -1.069757 1 0.5064338 0.8618807 -0.02619937 0 0.15751 -0.0625935 0.9855317 0 0.8477708 -0.5032336 -0.1674543 0 -0.5333323 0.9732853 0.125142 1 -0.1232234 0.3749053 -0.918837 0 0.5483878 0.797408 0.2518164 0 0.8270954 -0.4728495 -0.3038527 0 -0.8197559 0.6801933 -0.2226211 1 0.4125253 0.910589 -0.02551302 0 0.1633251 -0.04638003 0.9854815 0 0.8961852 -0.4107031 -0.1678549 0 -0.512239 0.9197165 0.1679536 1 0.2623971 0.9646227 -0.0255129 0 0.1686238 -0.01980451 0.9854816 0 0.9501125 -0.2628894 -0.167855 0 -0.6498516 0.8317552 0.1350489 1 0.1907983 0.9812977 -0.02551286 0 0.1696232 -0.007359004 0.9854815 0 0.966863 -0.1923557 -0.167855 0 -0.6752396 0.7848551 0.1679536 1 0.03224441 0.9991543 -0.02551239 0 0.1686335 0.01972117 0.9854816 0 0.9851512 -0.03607856 -0.167855 0 -0.7808731 0.6693385 0.1350493 1 -0.04126969 0.9988222 -0.02551242 0 0.1667281 0.03206059 0.9854817 0 0.9851388 0.03641689 -0.1678549 0 -0.8091601 0.6144094 0.1679539 1 -0.1996557 0.9795341 -0.02551281 0 0.1595035 0.05817891 0.9854817 0 0.9667968 0.1926876 -0.1678549 0 -0.8844855 0.4777734 0.1350489 1 0.2040854 0.9786207 -0.02551291 0 0.1695079 -0.009658054 0.9854816 0 0.964166 -0.205447 -0.167855 0 -0.702346 0.7839538 0.1052045 1 0.03432932 0.9990849 -0.02551262 0 0.1686743 0.01936946 0.9854816 0 0.9850737 -0.03813419 -0.167855 0 -0.7885936 0.6592088 0.1052046 1 -0.1976113 0.9799484 -0.02551279 0 0.1596246 0.05784591 0.9854815 0 0.9671968 0.1906698 -0.1678549 0 -0.8903903 0.465958 0.1052045 1 0.1549597 0.9878715 -0.009844581 0 0.1080346 -0.007039675 0.9941223 0 0.9819958 -0.1551124 -0.1078152 0 -0.7533979 0.7334552 0.03851647 1 -0.07765704 0.9969314 -0.009844603 0 0.1067346 0.01813106 0.9941223 0 0.9912502 0.07614982 -0.1078151 0 -0.8743228 0.5460914 0.03851639 1 -0.3060649 0.9519597 -0.009844949 0 0.09964982 0.04231943 0.9941224 0 0.9467809 0.3032849 -0.1078151 0 -0.9530957 0.3347871 0.03851619 1 -0.2065704 0.3362539 -0.9188371 0 0.3491489 0.9025983 0.2518164 0 0.9140151 -0.2687932 -0.3038527 0 -0.9181704 0.4809248 -0.2226211 1 -0.2787218 0.2793783 -0.9188372 0 0.1309869 0.9588696 0.2518165 0 0.9513971 -0.05016889 -0.3038528 0 -0.9678425 0.2643006 -0.2226211 1 0.09910271 -0.0789134 0.9919433 0 0.01258584 -0.9966714 -0.08054698 0 0.9949977 0.02046687 -0.09777968 0 -0.8762936 -0.03074969 0.1771323 1 -0.09910287 0.07891063 0.9919435 0 0.01258612 -0.9966716 0.08054424 0 0.9949974 0.02046687 0.09777983 0 -0.8762935 -0.03074971 -0.1771325 1 -0.07857836 0.09936646 0.9919435 0 -0.2142288 -0.973457 0.08054414 0 0.9736175 -0.2061739 0.09777981 0 -0.4442 0.07207689 -0.1771324 1 0.07857759 -0.09936908 0.9919433 0 -0.2142291 -0.9734567 -0.08054684 0 0.9736177 -0.2061739 -0.09777965 0 -0.4442001 0.07207691 0.1771323 1 1.44329E-13 -0.1426956 0.9897665 0 -2.220446E-14 -0.9897665 -0.1426956 0 1 -1.110223E-14 5.551115E-15 0 -0.1281144 0.03972894 0.1681907 1 -6.869505E-14 0.1426929 0.9897672 0 -2.220446E-14 -0.9897672 0.1426929 0 1 -2.775558E-14 1.637579E-13 0 -0.1281144 0.03972892 -0.1681909 1 0.1426956 -3.588976E-08 0.9897667 0 0.9897667 -3.85371E-08 -0.1426956 0 4.326404E-08 1 3.002331E-08 0 0.1610119 -0.0002438612 0.1681907 1 -1 1.370907E-06 -4.37115E-08 0 1.370906E-06 1 -1.455192E-09 0 4.371159E-08 0 -1 0 0.05007584 -0.05047034 1.35233 1 -0.6788278 -0.06043775 -0.7318062 0 -0.09933302 0.9950045 0.00996741 0 0.7275478 0.07945864 -0.6814401 0 -0.8409107 -0.1453892 1.069757 1 -0.6653383 0.1475966 -0.7318062 0 0.2060998 0.9784801 0.00996741 0 0.7175289 -0.1441934 -0.68144 0 -0.5889512 0.03425048 1.069757 1 -0.5064335 -0.8618809 -0.02620209 0 0.1575114 -0.06259109 -0.9855316 0 0.8477708 -0.5032333 0.1674543 0 -0.5333323 0.9732852 -0.1251419 1 0.1232249 -0.3749032 -0.9188377 0 0.5483874 0.7974089 -0.2518138 0 0.8270954 -0.4728494 0.3038529 0 -0.819756 0.6801932 0.2226211 1 -0.4125247 -0.910589 -0.02551575 0 0.1633263 -0.0463775 -0.9854815 0 0.8961853 -0.410703 0.1678549 0 -0.512239 0.9197166 -0.1679535 1 -0.2623964 -0.9646227 -0.02551579 0 0.1686246 -0.01980168 -0.9854815 0 0.9501126 -0.2628893 0.167855 0 -0.6498516 0.8317551 -0.1350488 1 -0.1907977 -0.9812978 -0.02551569 0 0.1696238 -0.007356162 -0.9854814 0 0.966863 -0.1923557 0.1678549 0 -0.6752396 0.7848551 -0.1679535 1 -0.03224385 -0.9991543 -0.02551545 0 0.1686335 0.0197243 -0.9854815 0 0.9851512 -0.0360785 0.1678549 0 -0.7808731 0.6693385 -0.135049 1 0.0412702 -0.9988222 -0.02551537 0 0.166728 0.03206358 -0.9854815 0 0.9851388 0.03641682 0.1678549 0 -0.8091602 0.6144094 -0.1679537 1 0.1996562 -0.9795336 -0.02551563 0 0.159503 0.05818171 -0.9854814 0 0.9667968 0.1926877 0.1678549 0 -0.8844855 0.4777731 -0.1350488 1 -0.2040847 -0.9786205 -0.02551574 0 0.1695085 -0.009655231 -0.9854815 0 0.9641662 -0.2054468 0.1678549 0 -0.702346 0.7839535 -0.1052044 1 -0.0343288 -0.9990847 -0.02551547 0 0.1686743 0.01937239 -0.9854814 0 0.9850737 -0.03813422 0.1678549 0 -0.7885937 0.6592087 -0.1052045 1 0.1976117 -0.9799482 -0.0255156 0 0.1596241 0.05784871 -0.9854814 0 0.9671969 0.1906698 0.1678549 0 -0.8903905 0.4659578 -0.1052044 1 -0.1549594 -0.9878718 -0.009847624 0 0.108035 -0.007036654 -0.9941223 0 0.9819959 -0.1551125 0.1078151 0 -0.7533978 0.7334551 -0.03851621 1 0.07765735 -0.9969314 -0.009847427 0 0.1067344 0.01813389 -0.9941223 0 0.9912504 0.0761498 0.1078151 0 -0.874323 0.5460913 -0.03851633 1 0.3060652 -0.9519595 -0.009847619 0 0.09964897 0.04232199 -0.9941221 0 0.9467809 0.303285 0.1078151 0 -0.9530956 0.334787 -0.0385162 1 0.2065714 -0.3362516 -0.9188378 0 0.3491484 0.9025992 -0.251814 0 0.9140152 -0.2687932 0.3038528 0 -0.9181703 0.4809248 0.222621 1 0.2787222 -0.2793758 -0.9188377 0 0.1309862 0.9588702 -0.2518141 0 0.9513971 -0.05016888 0.3038528 0 -0.9678427 0.2643007 0.222621 1 -0.1426929 3.58898E-08 0.9897671 0 0.9897671 -3.853724E-08 0.1426929 0 4.326404E-08 1 -3.002339E-08 0 0.1610119 -0.0002438608 -0.1681909 1  
