<Frame>: 0 0 Skeleton@Skin
	<Transform>: 0 0 0 0 0 0 5 5 5 0 0 0 1  
	<TransformMatrix>: 5 0 0 0 0 5 0 0 0 0 5 0 0 0 0 1  
	<Children>: 3
		<Frame>: 1 0 Bip001
			<Transform>: -0.008028817 0.01302089 0.01318797 359.5037 350.238 90.409 0.9999999 0.9999999 1 -0.06341951 -0.05688702 0.7067864 0.7022784  
			<TransformMatrix>: -0.005566239 0.9999371 -0.009747057 0 -0.9855061 -0.007138133 -0.1694902 0 -0.1695491 0.008662365 0.9854836 0 -0.008028817 0.01302089 0.01318797 1  
			<Children>: 3
				<Frame>: 2 0 Bip001_Footsteps
					<Transform>: -0.01760139 0.0001519111 -0.0001526704 0.4089713 89.50365 279.7583 1 1 1 -0.4517419 0.5399982 -0.4595487 0.5414298  
					<TransformMatrix>: -0.005566001 -0.9855063 -0.1695475 0 0.009747148 0.1694885 -0.9854839 0 0.9999371 -0.007137835 0.008662522 0 -0.01760139 0.0001519111 -0.0001526704 1  
					<Children>: 0
				</Frame>
				<Frame>: 3 0 Bip001_Pelvis
					<Transform>: 0 0 0 270 90 0 1 0.9999999 0.9999999 -0.4999997 0.5000004 0.4999997 0.5000004  
					<TransformMatrix>: -1.192093E-07 0 -1 0 -1 1.192093E-06 0 0 1.311302E-06 1 -1.192093E-07 0 0 0 0 1  
					<Children>: 1
						<Frame>: 4 0 Bip001_Spine
							<Transform>: -0.006278801 0.003180036 -8.287278E-07 3.341677 5.925647 359.2037 1 0.9999999 0.9999999 0.02875878 0.05186711 -0.008444094 0.9982041  
							<TransformMatrix>: 0.994477 -0.01387459 -0.1040336 0 0.01984113 0.9982032 0.05653831 0 0.1030622 -0.0582902 0.9929654 0 -0.006278801 0.003180036 -8.287278E-07 1  
							<Children>: 3
								<Frame>: 5 0 Bip001_L_Thigh
									<Transform>: 0.005088072 -0.002381049 0.01229104 18.94601 154.9641 342.3279 1 1 1 -0.1126623 0.9569671 -0.1916034 0.1865725  
									<TransformMatrix>: -0.9049959 -0.287124 -0.3139146 0 -0.1441323 0.9011908 -0.4087558 0 0.4002606 -0.324677 -0.8569579 0 0.005088072 -0.002381049 0.01229104 1  
									<Children>: 1
										<Frame>: 6 0 Bip001_L_Calf
											<Transform>: -0.02656434 0 0 -2.374888E-06 1.516054E-06 20.14281 1 1 1 -1.809184E-08 1.665046E-08 0.1748754 0.9845906  
											<TransformMatrix>: 0.9388372 0.3443613 -3.91154E-08 0 -0.3443613 0.9388373 -2.980261E-08 0 2.646014E-08 4.144962E-08 1 0 -0.02656434 0 0 1  
											<Children>: 1
												<Frame>: 7 0 Bip001_L_Foot
													<Transform>: -0.03316416 -1.192093E-09 0 20.2431 10.15666 26.37255 1 0.9999999 1 0.19031 0.04491105 0.2085404 0.9582672  
													<TransformMatrix>: 0.9089879 0.4167689 -0.00669896 0 -0.3825807 0.840586 0.3834671 0 0.1654482 -0.3460041 0.9235303 0 -0.03316416 -1.192093E-09 0 1  
													<Children>: 1
														<Frame>: 8 0 Bip001_L_Toe0
															<Transform>: -0.008066026 0.01325963 2.384186E-09 358.9128 0.06825928 269.9799 1 0.9999999 1 -0.007128524 -0.006288504 -0.7071949 0.7069548  
															<TransformMatrix>: -0.0003283024 -0.99982 0.01897389 0 0.9999992 -0.0003509521 -0.001184691 0 0.001191135 0.01897348 0.9998193 0 -0.008066026 0.01325963 2.384186E-09 1  
															<Children>: 0
														</Frame>
												</Frame>
										</Frame>
								</Frame>
								<Frame>: 9 0 Bip001_R_Thigh
									<Transform>: 0.007488253 -0.003716093 -0.01061629 66.91354 149.496 312.6909 1 1 1 -0.1901048 0.7954773 -0.5752591 -0.01236952  
									<TransformMatrix>: -0.9274145 -0.2882167 0.2383984 0 -0.3166794 0.2658742 -0.9105082 0 0.1990397 -0.9199142 -0.3378481 0 0.007488253 -0.003716093 -0.01061629 1  
									<Children>: 1
										<Frame>: 10 0 Bip001_R_Calf
											<Transform>: -0.02656434 4.768371E-09 0 1.089112E-06 1.284908E-06 40.44032 0.9999999 1 1 1.279407E-08 7.236948E-09 0.3456284 0.9383715  
											<TransformMatrix>: 0.7610819 0.6486556 -4.737906E-09 0 -0.6486557 0.7610822 2.901377E-08 0 2.242588E-08 -1.900858E-08 1 0 -0.02656434 4.768371E-09 0 1  
											<Children>: 1
												<Frame>: 11 0 Bip001_R_Foot
													<Transform>: -0.03316416 -2.980232E-09 2.384186E-09 10.8635 12.25894 12.15591 0.9999999 0.9999998 0.9999999 0.1048445 0.09573307 0.09475295 0.9853247  
													<TransformMatrix>: 0.9637141 0.206799 -0.1687876 0 -0.1666506 0.9600588 0.2247538 0 0.2085249 -0.1884698 0.9596855 0 -0.03316416 -2.980232E-09 2.384186E-09 1  
													<Children>: 1
														<Frame>: 12 0 Bip001_R_Toe0
															<Transform>: -0.008066026 0.01325963 4.768371E-09 358.5084 0.4890653 269.787 1 1 1 -0.01221018 -0.006209203 -0.708314 0.7057647  
															<TransformMatrix>: -0.003494621 -0.9996545 0.02606175 0 0.9999576 -0.003715634 -0.008438891 0 0.008532806 0.02603116 0.9996248 0 -0.008066026 0.01325963 4.768371E-09 1  
															<Children>: 0
														</Frame>
												</Frame>
										</Frame>
								</Frame>
								<Frame>: 13 0 Bip001_Spine1
									<Transform>: -0.01796736 -1.906216E-05 4.991889E-07 358.1111 10.96974 1.207867 1 1 1 -0.01539939 0.09573752 0.01206616 0.9952143  
									<TransformMatrix>: 0.9813775 0.02106824 -0.1909303 0 -0.02696544 0.9992346 -0.02834101 0 0.1901871 0.03296175 0.9811944 0 -0.01796736 -1.906216E-05 4.991889E-07 1  
									<Children>: 1
										<Frame>: 14 0 Bip001_Neck
											<Transform>: -0.02997154 -0.002343745 -8.165752E-08 1.991098E-05 7.712346E-05 330.1617 1 1 1 -5.37665E-09 6.950759E-07 -0.257456 0.9662901  
											<TransformMatrix>: 0.8674328 -0.4975544 -1.340521E-06 0 0.4975544 0.8674328 -3.682938E-07 0 1.346058E-06 -3.475122E-07 1 0 -0.02997154 -0.002343745 -8.165752E-08 1  
											<Children>: 3
												<Frame>: 15 0 Bip001_Head
													<Transform>: -0.01101905 0 0 7.814754 352.3144 16.2589 1 1 0.9999999 0.05785207 -0.07580651 0.1452853 0.9847836  
													<TransformMatrix>: 0.9462911 0.277378 0.1661161 0 -0.2949203 0.9510906 0.09191639 0 -0.1324959 -0.1359707 0.981813 0 -0.01101905 0 0 1  
													<Children>: 1
														<Frame>: 16 0 Bone001
															<Transform>: -0.001927948 0.0002019727 -9.536743E-09 -0.0001030803 180 289.3967 1 1 1 -0.5778812 0.8161209 5.511104E-07 7.783136E-07  
															<TransformMatrix>: -0.3321067 -0.943242 -1.907349E-06 0 -0.9432418 0.3321067 0 0 6.334433E-07 1.799091E-06 -1 0 -0.001927948 0.0002019727 -9.536743E-09 1  
															<Children>: 0
														</Frame>
												</Frame>
												<Frame>: 17 0 Bip001_L_Clavicle
													<Transform>: 0.001201575 -0.0007373912 0.009127118 30.36108 267.7278 192.4853 0.9999999 1 0.9999999 0.7114345 0.1047163 -0.6442724 0.2604007  
													<TransformMatrix>: 0.1478952 -0.1865404 -0.9712515 0 0.4845357 -0.8424518 0.2355844 0 -0.8621787 -0.5054477 -0.03420913 0 0.001201575 -0.0007373912 0.009127118 1  
													<Children>: 1
														<Frame>: 18 0 Bip001_L_UpperArm
															<Transform>: -0.009862533 4.768371E-09 0 288.5298 189.412 137.6866 0.9999999 0.9999999 1 -0.7717551 -0.2472942 -0.1479731 0.5668718  
															<TransformMatrix>: 0.833899 0.2139376 0.5087661 0 0.5494646 -0.2350038 -0.8017865 0 -0.0519703 0.9481583 -0.3135207 0 -0.009862533 4.768371E-09 0 1  
															<Children>: 1
																<Frame>: 19 0 Bip001_L_Forearm
																	<Transform>: -0.02375838 -1.192093E-09 4.768371E-09 -1.920889E-06 9.306651E-07 64.14908 1 1 1 -9.891455E-09 1.578337E-08 0.5310221 0.847358  
																	<TransformMatrix>: 0.4360311 0.8999317 -3.725349E-08 0 -0.8999317 0.4360311 -5.702105E-13 0 1.624317E-08 3.352584E-08 1 0 -0.02375838 -1.192093E-09 4.768371E-09 1  
																	<Children>: 1
																		<Frame>: 20 0 Bip001_L_Hand
																			<Transform>: -0.01846414 0 -4.768371E-09 294.425 348.3158 13.12368 0.9999999 1 1 -0.5449622 -0.02344915 0.04081118 0.8371385  
																			<TransformMatrix>: 0.9955691 0.09388701 -0.005220733 0 -0.04277143 0.4027013 -0.9143316 0 -0.08374146 0.9105037 0.4049327 0 -0.01846414 0 -4.768371E-09 1  
																			<Children>: 2
																				<Frame>: 21 0 Bip001_L_Finger0
																					<Transform>: -0.00940947 0.0008181166 -0.005803811 50.11258 270.9422 298.9823 1 1 1 0.5826281 -0.3940458 -0.0719834 0.7071711  
																					<TransformMatrix>: 0.6790925 -0.5609735 0.4734365 0 -0.3573552 0.3107259 0.880765 0 -0.6411948 -0.767306 0.0105449 0 -0.00940947 0.0008181166 -0.005803811 1  
																					<Children>: 1
																						<Frame>: 22 0 Bip001_L_Finger01
																							<Transform>: -0.005172448 0 2.384186E-09 1.0541E-06 -1.6681E-07 351.0076 0.9999999 0.9999999 0.9999999 9.284565E-09 -7.300927E-10 -0.0783931 0.9969226  
																							<TransformMatrix>: 0.987709 -0.1563037 1.110223E-16 0 0.1563037 0.987709 1.862645E-08 0 -2.911383E-09 -1.839751E-08 0.9999999 0 -0.005172448 0 2.384186E-09 1  
																							<Children>: 1
																								<Frame>: 23 0 Bip001_L_Finger02
																									<Transform>: -0.003046951 1.192093E-09 -2.384186E-09 -1.024848E-06 2.186578E-06 340.1125 0.9999999 0.9999999 0.9999999 -1.210416E-08 1.725047E-08 -0.1726815 0.9849777  
																									<TransformMatrix>: 0.9403621 -0.3401749 -2.980232E-08 0 0.3401749 0.9403621 -2.980232E-08 0 3.816297E-08 1.788697E-08 0.9999999 0 -0.003046951 1.192093E-09 -2.384186E-09 1  
																									<Children>: 0
																								</Frame>
																						</Frame>
																				</Frame>
																				<Frame>: 24 0 Bip001_L_Finger1
																					<Transform>: -0.01770776 3.604889E-06 -0.0004145908 351.7212 9.202653 336.5425 1 1 0.9999999 -0.0867132 0.06371614 -0.1964249 0.9745965  
																					<TransformMatrix>: 0.914715 -0.3939201 -0.09012978 0 0.3718201 0.9077963 -0.1940517 0 0.1582603 0.1439899 0.976842 0 -0.01770776 3.604889E-06 -0.0004145908 1  
																					<Children>: 1
																						<Frame>: 25 0 Bip001_L_Finger11
																							<Transform>: -0.003415372 0 0 351.7792 4.882314 329.1463 1 1 1 -0.08033394 0.02190349 -0.2621397 0.961431  
																							<TransformMatrix>: 0.8616061 -0.5075776 3.352761E-08 0 0.5005393 0.8496586 -0.1659546 0 0.08423482 0.1429875 0.9861334 0 -0.003415372 0 0 1  
																							<Children>: 1
																								<Frame>: 26 0 Bip001_L_Finger12
																									<Transform>: -0.00252603 -4.768371E-09 -4.768371E-09 352.1049 5.394933 325.4906 0.9999999 1 1 -0.07959898 0.02443986 -0.2924945 0.9526351  
																									<TransformMatrix>: 0.8276993 -0.5611717 -1.490116E-08 0 0.5533903 0.816222 -0.1659546 0 0.09312906 0.1373605 0.9861334 0 -0.00252603 -4.768371E-09 -4.768371E-09 1  
																									<Children>: 0
																								</Frame>
																						</Frame>
																				</Frame>
																		</Frame>
																</Frame>
														</Frame>
												</Frame>
												<Frame>: 27 0 Bip001_R_Clavicle
													<Transform>: 0.001201574 -0.00073734 -0.009127141 331.6644 78.71519 191.8358 0.9999999 1 0.9999999 0.6311049 0.124847 0.7296858 -0.231686  
													<TransformMatrix>: -0.09605645 -0.1805328 0.9788672 0 0.495699 -0.8614697 -0.1102382 0 0.863166 0.4746345 0.1722395 0 0.001201574 -0.00073734 -0.009127141 1  
													<Children>: 1
														<Frame>: 28 0 Bip001_R_UpperArm
															<Transform>: -0.009862537 -4.768371E-09 4.768371E-09 83.9527 57.67865 42.26966 1 0.9999999 1 0.6757599 0.1232273 -0.06610391 0.723736  
															<TransformMatrix>: 0.9608906 0.07086058 -0.2677088 0 0.2622277 0.07795762 0.961852 0 0.08902735 -0.9944354 0.05632717 0 -0.009862537 -4.768371E-09 4.768371E-09 1  
															<Children>: 1
																<Frame>: 29 0 Bip001_R_Forearm
																	<Transform>: -0.02375839 2.384186E-09 0 -6.557168E-07 -3.960247E-06 59.85992 1 1 1 -2.220231E-08 -2.709562E-08 0.4989409 0.866636  
																	<TransformMatrix>: 0.5021158 0.8648004 2.48088E-08 0 -0.8648004 0.5021158 -6.552087E-08 0 -6.911936E-08 1.144442E-08 1 0 -0.02375839 2.384186E-09 0 1  
																	<Children>: 1
																		<Frame>: 30 0 Bip001_R_Hand
																			<Transform>: -0.01846414 -9.536743E-09 -4.768371E-09 80.43238 74.47445 86.52998 0.9999999 0.9999999 0.9999999 0.691017 -0.01583321 0.1321567 0.7104783  
																			<TransformMatrix>: 0.9645678 0.1659068 0.2051433 0 -0.2096709 0.01006013 0.9777203 0 0.1601467 -0.9860901 0.0444895 0 -0.01846414 -9.536743E-09 -4.768371E-09 1  
																			<Children>: 2
																				<Frame>: 31 0 Bip001_R_Finger0
																					<Transform>: -0.00940947 0.000818119 0.005803803 317.1801 78.20064 295.4022 1 1 0.9999999 -0.5531934 0.3449388 -0.191452 0.7337169  
																					<TransformMatrix>: 0.6887268 -0.662579 -0.2943549 0 -0.1006926 0.3146463 -0.9438534 0 0.7179948 0.6796963 0.1499885 0 -0.00940947 0.000818119 0.005803803 1  
																					<Children>: 1
																						<Frame>: 32 0 Bip001_R_Finger01
																							<Transform>: -0.005172448 0 2.384186E-09 -1.521538E-06 7.750087E-07 333.0076 1 0.9999999 0.9999999 -1.448967E-08 3.477648E-09 -0.233381 0.9723854  
																							<TransformMatrix>: 0.8910666 -0.4538726 4.440892E-16 0 0.4538726 0.8910666 -2.980232E-08 0 1.352646E-08 2.655585E-08 0.9999999 0 -0.005172448 0 2.384186E-09 1  
																							<Children>: 1
																								<Frame>: 33 0 Bip001_R_Finger02
																									<Transform>: -0.003046951 -1.192093E-09 0 2.767443E-06 2.630562E-06 340.1125 1 0.9999999 0.9999999 1.982362E-08 2.678147E-08 -0.1726815 0.9849777  
																									<TransformMatrix>: 0.9403622 -0.3401748 -5.960465E-08 0 0.3401748 0.9403622 2.980233E-08 0 4.591196E-08 -4.830098E-08 0.9999999 0 -0.003046951 -1.192093E-09 0 1  
																									<Children>: 0
																								</Frame>
																						</Frame>
																				</Frame>
																				<Frame>: 34 0 Bip001_R_Finger1
																					<Transform>: -0.01770776 3.609657E-06 0.0004145849 351.5056 338.6381 314.0697 1 0.9999999 1 0.005107634 -0.1985769 -0.3949966 0.8969497  
																					<TransformMatrix>: 0.6090897 -0.7106128 0.3521919 0 0.7065557 0.687903 0.1660369 0 -0.3602619 0.1477118 0.9210823 0 -0.01770776 3.609657E-06 0.0004145849 1  
																					<Children>: 1
																						<Frame>: 35 0 Bip001_R_Finger11
																							<Transform>: -0.003415375 2.384186E-09 -2.384186E-09 1.852924E-07 1.527292E-07 309.4974 1 0.9999999 1 8.939075E-10 1.895244E-09 -0.4265893 0.9044455  
																							<TransformMatrix>: 0.6360432 -0.7716534 -4.190952E-09 0 0.7716534 0.6360431 0 0 2.665627E-09 -3.233962E-09 1 0 -0.003415375 2.384186E-09 -2.384186E-09 1  
																							<Children>: 1
																								<Frame>: 36 0 Bip001_R_Finger12
																									<Transform>: -0.00252603 0 2.384186E-09 -1.076912E-06 2.323925E-06 294.8631 0.9999999 1 1 -1.883691E-08 1.203209E-08 -0.5383068 0.842749  
																									<TransformMatrix>: 0.4204516 -0.907315 0 0 0.907315 0.4204516 -4.470349E-08 0 4.056014E-08 1.879566E-08 1 0 -0.00252603 0 2.384186E-09 1  
																									<Children>: 0
																								</Frame>
																						</Frame>
																				</Frame>
																		</Frame>
																</Frame>
														</Frame>
												</Frame>
										</Frame>
								</Frame>
						</Frame>
				</Frame>
				<Frame>: 37 0 Bip001_Prop1
					<Transform>: -0.01234169 -0.04679123 0.08328293 324.8625 359.8429 84.79944 1 1 1 -0.2237848 0.2025722 0.6425402 0.7042918  
					<TransformMatrix>: 0.09221316 0.8144066 -0.5729215 0 -0.9957368 0.07412481 -0.05489811 0 -0.002241671 0.5755413 0.8177697 0 -0.01234169 -0.04679123 0.08328293 1  
					<Children>: 0
				</Frame>
		</Frame>
		<Frame>: 38 0 Object01
			<Transform>: 0.05929612 0.07498819 0.004813067 270 0 0 1 1 1 -0.7071068 0 0 0.7071068  
			<TransformMatrix>: 1 0 0 0 0 -1.192093E-07 -1 0 0 1 -1.192093E-07 0 0.05929612 0.07498819 0.004813067 1  
			<SkinningInfo>:  Object01
				<BonesPerVertex>: 4
				<Bounds>: 0.001411861 2.192147E-05 0.04055761 0.0124346 0.006705285 0.05640191
				<BoneNames>: 1 Bip001_Prop1  
				<BoneOffsets>: 1 1.192093E-07 -1 -1.89427E-06 0 0.03143464 1.897082E-06 -0.9995057 0 0.9995058 5.960464E-08 0.03143464 0 0.000122942 2.194941E-05 0.00168499 1  
				<BoneWeights>: 51 0 0 0 0 0 0 0 0 0 0 0 0 0 0 0 0 0 0 0 0 0 0 0 0 0 0 0 0 0 0 0 0 0 0 0 0 0 0 0 0 0 0 0 0 0 0 0 0 0 0 0 0 0 0 0 0 0 0 0 0 0 0 0 0 0 0 0 0 0 0 0 0 0 0 0 0 0 0 0 0 0 0 0 0 0 0 0 0 0 0 0 0 0 0 0 0 0 0 0 0 0 0 0 0 0 0 0 0 0 0 0 0 0 0 0 0 0 0 0 0 0 0 0 0 0 0 0 0 0 0 0 0 0 0 0 0 0 0 0 0 0 0 0 0 0 0 0 0 0 0 0 0 0 0 0 0 0 0 0 0 0 0 0 0 0 0 0 0 0 0 0 0 0 0 0 0 0 0 0 0 0 0 0 0 0 0 0 0 0 0 0 0 0 0 0 0 0 0 0 0 0 0 0 0 1 0 0 0 1 0 0 0 1 0 0 0 1 0 0 0 1 0 0 0 1 0 0 0 1 0 0 0 1 0 0 0 1 0 0 0 1 0 0 0 1 0 0 0 1 0 0 0 1 0 0 0 1 0 0 0 1 0 0 0 1 0 0 0 1 0 0 0 1 0 0 0 1 0 0 0 1 0 0 0 1 0 0 0 1 0 0 0 1 0 0 0 1 0 0 0 1 0 0 0 1 0 0 0 1 0 0 0 1 0 0 0 1 0 0 0 1 0 0 0 1 0 0 0 1 0 0 0 1 0 0 0 1 0 0 0 1 0 0 0 1 0 0 0 1 0 0 0 1 0 0 0 1 0 0 0 1 0 0 0 1 0 0 0 1 0 0 0 1 0 0 0 1 0 0 0 1 0 0 0 1 0 0 0 1 0 0 0 1 0 0 0 1 0 0 0 1 0 0 0 1 0 0 0  
			</SkinningInfo>
			<Mesh>: 51 Object01
				<Bounds>: 6.752089E-09 -0.03855836 0.002894002 0.006705285 0.05623768 0.01381765
				<Positions>: 51 9.636576E-09 0.002888193 0.0025861 -0.002569362 -0.007833024 -0.000529822 7.42123E-09 -0.007833024 0.001665306 -0.002569359 0.003153623 0.0004025596 7.42123E-09 -0.007833024 -0.003540252 -0.002569356 0.01639268 0.00407818 1.225485E-08 0.01555939 0.006290781 1.26929E-08 0.01767932 0.004494628 1.264995E-08 0.01747147 0.001028241 9.762429E-09 0.003497256 -0.002592861 0.002569379 0.003153623 0.0004025596 0.002569377 -0.007833024 -0.000529822 0.002569382 0.01639268 0.00407818 9.636576E-09 0.002888193 0.0025861 7.42123E-09 -0.007833024 0.001665306 1.225485E-08 0.01555939 0.006290781 1.26929E-08 0.01767932 0.004494628 1.264995E-08 0.01747147 0.001028241 -0.002405516 -0.009957624 -0.0006419734 1.812459E-09 -0.03497678 0.002605976 6.98222E-09 -0.009957624 0.002403505 0.00240553 -0.009957624 -0.0006419734 -0.002405517 -0.03523933 -0.001162814 -3.359063E-09 -0.06000446 0.005139289 6.98222E-09 -0.009957624 -0.004584683 0.00240552 -0.03523934 -0.001162814 1.703954E-09 -0.03550189 -0.006041917 -0.002405517 -0.06117138 4.596434E-05 0.00240551 -0.06117138 4.596434E-05 -3.841306E-09 -0.06233829 -0.006393218 -7.714942E-09 -0.08108483 -0.001904313 -0.002405518 -0.07948033 0.004184791 0.002405503 -0.07948033 0.004184791 -7.051859E-09 -0.07787582 0.008928038 -1.054812E-08 -0.09479605 0.01671165 -0.006705278 -0.007235331 -0.0001933476 6.98222E-09 -0.009957624 0.002403505 7.544733E-09 -0.007235331 0.008293864 0.006705292 -0.007235336 -0.0001933476 -0.002405516 -0.009957624 -0.0006419734 0.00240553 -0.009957624 -0.0006419734 7.544733E-09 -0.007235331 -0.01092365 6.98222E-09 -0.009957624 -0.004584683 -0.002569362 -0.007833024 -0.000529822 7.544733E-09 -0.007235331 0.008293864 7.42123E-09 -0.007833024 0.001665306 0.002569377 -0.007833024 -0.000529822 -0.006705278 -0.007235331 -0.0001933476 0.006705292 -0.007235336 -0.0001933476 7.42123E-09 -0.007833024 -0.003540252 7.544733E-09 -0.007235331 -0.01092365  
				<Colors>: 51 1 1 1 1 1 1 1 1 1 1 1 1 1 1 1 1 1 1 1 1 1 1 1 1 1 1 1 1 1 1 1 1 1 1 1 1 1 1 1 1 1 1 1 1 1 1 1 1 1 1 1 1 1 1 1 1 1 1 1 1 1 1 1 1 1 1 1 1 1 1 1 1 1 1 1 1 1 1 1 1 1 1 1 1 1 1 1 1 1 1 1 1 1 1 1 1 1 1 1 1 1 1 1 1 1 1 1 1 1 1 1 1 1 1 1 1 1 1 1 1 1 1 1 1 1 1 1 1 1 1 1 1 1 1 1 1 1 1 1 1 1 1 1 1 1 1 1 1 1 1 1 1 1 1 1 1 1 1 1 1 1 1 1 1 1 1 1 1 1 1 1 1 1 1 1 1 1 1 1 1 1 1 1 1 1 1 1 1 1 1 1 1 1 1 1 1 1 1 1 1 1 1 1 1  
				<TextureCoords0>: 51 0.1395142 0.9408302 0.2272546 0.9495963 0.2240953 0.9325501 0.1405957 0.9581685 0.2315874 0.9729739 0.03249735 0.9486798 0.03578381 0.9302984 0.02190664 0.9472977 0.02850962 0.9739168 0.1422384 0.9819242 0.1405957 0.9581685 0.2272546 0.9495963 0.03249735 0.9486798 0.1395142 0.9408302 0.2240953 0.9325501 0.03578381 0.9302984 0.02190664 0.9472977 0.02850962 0.9739168 0.3477783 0.9458934 0.4978734 0.9303914 0.3482551 0.9276848 0.3477783 0.9458935 0.4988532 0.9529656 0.6479079 0.9191633 0.347161 0.9694664 0.4988532 0.9529657 0.4996592 0.9821783 0.6540871 0.9497985 0.6540872 0.9497985 0.6600559 0.9884803 0.7728421 0.9645767 0.7642023 0.9279194 0.7642023 0.9279194 0.7553518 0.8993089 0.8577346 0.8554206 0.6556218 0.6127948 0.6040464 0.5933785 0.6041381 0.5476432 0.5526544 0.6127835 0.6225163 0.616757 0.5855766 0.6167529 0.6041381 0.6951523 0.6040464 0.6470183 0.733411 0.6072938 0.7904665 0.6238794 0.7476081 0.6239117 0.7334098 0.6405296 0.7355737 0.5805115 0.7355707 0.6672469 0.7139391 0.6239116 0.6661701 0.6238788  
				<TextureCoords1>: 0  
				<Normals>: 51 -1.024002E-07 -0.1801915 0.9836315 -0.9991814 -0.003840008 0.04026951 0 -0.08557019 0.9963321 -0.9992709 -0.008173409 0.03729488 0 0.0842847 -0.9964417 -0.8979642 0.3954358 0.1931084 0 0.1201517 0.9927556 0 0.923422 0.3837862 0 0.7009167 -0.7132431 0 0.1656129 -0.9861908 0.9992709 -0.008173864 0.03729491 0.9991814 -0.003840456 0.04026954 0.8979643 0.3954356 0.1931083 -1.024002E-07 -0.1801915 0.9836315 0 -0.08557019 0.9963321 0 0.1201517 0.9927556 0 0.923422 0.3837862 0 0.7009167 -0.7132431 -0.9980294 0.008416892 0.06218029 0 0.04069285 0.9991717 1.829132E-07 0.008092382 0.9999673 0.9980294 0.008416467 0.06218025 -0.9992504 0.0124906 0.03664241 0 0.1315876 0.9913045 0 0.02475382 -0.9996936 0.9992504 0.0124902 0.03664233 0 0.007580305 -0.9999713 -0.9998754 0.008005752 0.01360453 0.9998754 0.008005345 0.0136045 1.186796E-07 -0.1152697 -0.9933342 0 -0.5049869 -0.863127 -0.9967176 -0.08070218 0.006407543 0.9967176 -0.08070257 0.006407628 0 0.3141854 0.9493617 1.219984E-07 -0.7749144 0.6320661 -0.5320125 -0.8460168 0.03490537 -2.926612E-07 -0.9077584 0.4194935 -2.818958E-07 -0.9077443 0.4195239 0.5320119 -0.8460172 0.03490528 -0.5352412 -0.8445677 0.01490607 0.5352407 -0.8445681 0.01490587 -1.692073E-07 -0.9201143 -0.3916501 0 -0.9188512 -0.3946041 0.1368209 0.9904929 0.01428081 3.671431E-07 0.9950327 -0.09954973 0 0.9959593 -0.08980518 -0.1368199 0.990493 0.01428044 0.1365606 0.9906171 -0.00539234 -0.1365596 0.9906172 -0.005392353 3.833063E-07 0.9960138 0.08920007 3.46491E-07 0.9967394 0.08068716  
				<Tangents>: 51 -1.997316E-07 -0.9836316 -0.1801915 -0.003551614 -0.9833124 -0.1818903 -2.094727E-07 -0.9963322 -0.08557019 0.001241204 -0.9832551 -0.1822301 -2.045107E-07 -0.9964417 -0.08428472 -0.4213206 -0.8992327 -0.1177684 -2.344739E-07 -0.9927555 0.1201517 -0.993823 -0.04259133 0.1024784 -2.304204E-07 -0.7132431 -0.7009167 -2.058035E-07 -0.9861909 -0.1656129 -0.001241645 -0.9832551 -0.1822301 0.003551179 -0.9833124 -0.1818903 0.4213205 -0.8992328 -0.1177684 -1.997316E-07 -0.9836316 -0.1801915 -2.094727E-07 -0.9963322 -0.08557019 -2.344739E-07 -0.9927555 0.1201517 0.993823 -0.04259134 0.1024784 0.02690705 -0.7129849 -0.7006629 -0.006806236 -0.9996369 0.02606956 -2.248818E-07 -0.9991717 0.04069285 -2.085531E-07 -0.9999673 0.008092378 0.006805809 -0.9996369 0.0260696 -0.01153523 -0.999591 0.02616929 -1.762747E-07 -0.9913045 0.1315876 -2.021133E-07 -0.9996936 -0.02475383 0.01153483 -0.999591 0.02616923 -2.272894E-07 -0.9999713 -0.007580305 -0.00764706 -0.9996271 0.02621618 0.007646655 -0.9996271 0.02621613 -2.142612E-07 -0.9933342 0.1152697 -1.97872E-07 -0.8631271 0.5049869 0.08084324 -0.9963838 0.02614643 -0.08084363 -0.9963838 0.02614649 -2.170501E-07 -0.9493616 0.3141854 -4.795153E-07 -0.6320661 -0.7749144 -0.8467035 0.5319037 -0.01310295 -0.9999998 0.0002925269 0.0006323132 -0.9999998 0.0002925805 0.0006323992 -0.8467053 -0.5318964 0.01328722 -0.8446927 0.5350842 -0.01338258 -0.8446925 -0.53508 0.01356545 -0.9999997 0.000294466 -0.0006913656 -0.9999996 0.0003211494 -0.0007478087 -0.007344734 -0.01340164 0.9998832 0.0008581272 0.09954968 0.9950323 0.0007518969 0.08980516 0.995959 0.008050363 -0.01330374 0.9998791 -0.001382646 0.005633926 0.9999832 0.001653859 0.005671321 0.9999825 -0.0007034226 -0.08920005 0.9960135 -0.0006842643 -0.08068714 0.9967393  
				<BiTangents>: 51 1 -2.149139E-07 6.473416E-08 0.04029598 -0.1818845 0.9824939 1 -2.087044E-07 -1.792462E-08 0.03815982 -0.1820509 0.9825484 -1 2.03783E-07 1.723713E-08 0.1270795 -0.1871124 0.9740841 1 -2.327752E-07 2.817243E-08 0.1109767 -0.3814156 0.917718 -1 1.643458E-07 1.615055E-07 1 -2.029615E-07 -3.408371E-08 -0.03815994 -0.1820509 0.9825484 -0.04029609 -0.1818844 0.9824939 -0.1270795 -0.1871123 0.9740841 -1 2.149139E-07 -6.473416E-08 -1 2.087044E-07 1.792462E-08 -1 2.327752E-07 -2.817243E-08 -0.1109768 -0.3814156 0.917718 0.999638 0.01919127 0.0188596 0.06237715 0.02559498 0.9977244 -1 2.246955E-07 -9.15108E-09 -1 2.100265E-07 1.812194E-07 -0.0623771 0.02559504 0.9977244 0.03695429 0.025727 0.9989857 1 -1.747419E-07 2.319557E-08 -1 2.020514E-07 5.003078E-09 -0.0369542 0.02572695 0.9989858 -1 2.272828E-07 1.722923E-09 0.01380934 0.02610887 0.9995638 -0.0138093 0.02610884 0.9995638 1 -1.991529E-07 1.425863E-07 1 -1.707887E-07 9.992279E-08 0.004274299 0.02657861 0.9996376 -0.004274368 0.02657868 0.9996376 1 -2.060591E-07 6.819399E-08 -1 2.085471E-07 4.486944E-07 0.007480979 0.03652543 0.9993047 0.0006967008 0.4194934 0.9077582 0.0006968013 0.4195238 0.9077441 -0.007324778 0.03662344 0.9993023 -0.003326489 0.01975396 0.9997993 0.00348111 0.01985166 0.9997969 -0.000751463 -0.39165 0.920114 -0.0008138519 -0.394604 0.918851 -0.9905685 0.1369098 -0.005441281 -0.9999996 8.579164E-05 0.0008538279 -0.9999997 6.752423E-05 0.0007488587 -0.9905633 -0.1369184 0.006153611 -0.9906308 0.1365508 -0.002139045 -0.9906305 -0.1365483 0.002412814 -0.9999998 6.312713E-05 -0.0007005844 -0.9999998 5.555671E-05 -0.0006820053  
				<SubMeshes>: 1
					<SubMesh>: 0 192 0 1 2 1 0 3 3 4 1 0 5 3 5 0 6 6 7 5 5 7 8 8 3 5 4 3 9 3 8 9 10 4 9 8 10 9 4 10 11 10 8 12 13 11 10 12 13 10 11 13 14 13 12 15 15 12 16 12 17 16 18 19 20 19 21 20 19 18 22 22 23 19 24 22 18 21 19 25 25 24 21 23 25 19 22 24 26 24 25 26 23 22 27 26 27 22 28 26 25 25 23 28 27 26 29 26 28 29 30 27 29 28 30 29 31 23 27 27 30 31 23 32 28 30 28 32 23 31 33 32 23 33 34 31 30 34 30 32 33 31 34 33 34 32 35 36 37 36 38 37 36 35 39 38 36 40 41 39 35 40 41 38 39 41 42 41 40 42 43 44 45 44 46 45 44 43 47 46 44 48 49 47 43 48 49 46 47 49 50 49 48 50  
			</Mesh>
			<Materials>: 1
				<Material>: 0
					<AlbedoMap>: Skeleton_D
			</Materials>
			<Children>: 0
		</Frame>
		<Frame>: 39 0 Object02
			<Transform>: 0 1.323489E-25 -7.234149E-10 270 0 0 1 1 1 -0.7071068 0 0 0.7071068  
			<TransformMatrix>: 1 0 0 0 0 -1.192093E-07 -1 0 0 1 -1.192093E-07 0 0 1.323489E-25 -7.234149E-10 1  
			<SkinningInfo>:  Object02
				<BonesPerVertex>: 4
				<Bounds>: -0.01182127 0.005415788 -1.490116E-08 0.07841134 0.01940385 0.06694175
				<BoneNames>: 34 Bip001_L_UpperArm Bip001_L_Clavicle Bip001_L_Forearm Bip001_L_Hand Bip001_L_Finger1 Bip001_L_Finger11 Bip001_L_Finger12 Bip001_L_Finger0 Bip001_L_Finger01 Bip001_L_Finger02 Bip001_Pelvis Bip001_Spine Bip001_Spine1 Bip001_L_Thigh Bip001_L_Calf Bip001_L_Foot Bip001_L_Toe0 Bip001_R_Clavicle Bip001_R_UpperArm Bip001_R_Thigh Bip001_R_Calf Bip001_R_Foot Bip001_R_Toe0 Bip001_R_Forearm Bip001_R_Hand Bip001_R_Finger0 Bip001_R_Finger12 Bip001_R_Finger02 Bip001_R_Finger1 Bip001_R_Finger11 Bip001_R_Finger01 Bip001_Head Bone001 Bip001_Neck  
				<BoneOffsets>: 34 0.7785946 0.04783117 -0.6257018 0 -0.1241465 0.9891245 -0.07886947 0 0.6151248 0.139086 0.7760649 0 -0.05707349 -0.01556364 -0.100505 1 0.8697081 1.392481E-06 -0.4935665 0 -1.213863E-06 1 6.82329E-07 0 0.4935665 5.695044E-09 0.8697081 0 -0.05135826 -0.0003821038 -0.10899 1 0.7707434 -0.1202153 -0.625702 0 0.09081328 0.9927399 -0.07886948 0 0.6306407 0.00396609 0.7760647 0 -0.03587728 -0.0080588 -0.100505 1 0.6699526 0.7412797 0.04083953 0 0.04288862 -0.09356248 0.9946893 0 0.741164 -0.6646432 -0.09447491 0 -0.03225497 0.09670152 0.008823005 1 0.5012831 0.859778 0.09745363 0 -0.03314236 -0.09346545 0.9950709 0 0.8646483 -0.502042 -0.01835759 0 -0.03439603 0.09173632 0.006985973 1 0.186021 0.9777008 0.09745365 0 -9.172878E-05 -0.09916756 0.9950709 0 0.9825455 -0.185113 -0.01835757 0 -0.05978764 0.07616292 0.006985976 1 -0.04508569 0.9942186 0.09745276 0 0.02284045 -0.09650053 0.9950709 0 0.9987217 0.04708932 -0.0183576 0 -0.0733204 0.06085885 0.00698592 1 0.1339799 0.09750736 -0.9861752 0 0.8062971 0.5678319 0.165686 0 0.5761374 -0.8173486 -0.002541802 0 -0.03600791 0.07516459 -0.0546187 1 0.132369 0.0996833 -0.9861752 0 0.7969121 0.5809293 0.165686 0 0.5894144 -0.8078269 -0.0025418 0 -0.03205939 0.07465078 -0.0546187 1 0.09250635 0.1374804 -0.9861754 0 0.5632017 0.8095381 0.165686 0 0.8211248 -0.5707427 -0.002541799 0 -0.0518234 0.06106386 -0.05461871 1 6.123234E-17 -2.757707E-06 -1 0 -6.123234E-17 -1 2.757707E-06 0 -1 6.123218E-17 -6.123251E-17 0 0.06659 -4.722134E-09 1.302634E-14 1 1.501891E-13 1.402693E-06 -1 0 9.094947E-11 -1 -1.402693E-06 0 -1 0 -1.162265E-14 0 0.07286854 -0.003180016 -4.440963E-09 1 1.501891E-13 1.402693E-06 -1 0 9.094947E-11 -1 -1.402693E-06 0 -1 0 -1.162265E-14 0 0.09083642 -0.003175248 -4.427733E-09 1 0.1871258 -0.1000316 0.9772296 0 0.09587175 -0.9881932 -0.119512 0 0.9776465 0.1160525 -0.1753262 0 -0.06294286 -0.008881861 0.02294799 1 0.1635229 -0.1352133 0.9772295 0 -0.1023606 -0.987542 -0.1195119 0 0.9812149 -0.08048692 -0.1753262 0 -0.03741791 -0.001477606 0.02294799 1 -1.45263E-15 -0.3231452 0.9463493 0 -9.020562E-14 -0.9463496 -0.3231452 0 1 3.677614E-14 5.620504E-14 0 -0.008078303 -0.006284015 0.02102713 1 0.3231452 -2.210527E-08 0.9463494 0 0.9463496 2.682054E-08 -0.3231452 0 -1.823843E-08 1 2.958633E-08 0 0.01954365 -1.227772E-05 0.02102713 1 -0.8697081 1.349332E-06 -0.4935665 0 1.170714E-06 1 6.709385E-07 0 0.4935665 5.695268E-09 -0.8697081 0 -0.05135826 -0.0003821038 0.10899 1 -0.7785949 -0.04782845 -0.6257018 0 -0.1241444 0.9891245 0.07887117 0 0.6151249 0.1390861 -0.7760649 0 -0.05707348 -0.01556364 0.100505 1 -0.1871257 0.1000289 0.97723 0 0.09587226 -0.9881934 0.1195093 0 0.9776466 0.1160525 0.1753264 0 -0.06294286 -0.008881861 -0.02294801 1 -0.1635233 0.1352107 0.97723 0 -0.1023602 -0.9875423 0.1195093 0 0.9812146 -0.08048686 0.1753264 0 -0.03741791 -0.001477609 -0.02294801 1 8.994067E-14 0.3231426 0.9463504 0 1.526557E-14 -0.9463506 0.3231426 0 1 -4.440892E-14 -3.885781E-14 0 -0.008078304 -0.00628402 -0.02102715 1 -0.3231426 2.210542E-08 0.9463504 0 0.9463505 2.682043E-08 0.3231426 0 -1.823842E-08 1 -2.958651E-08 0 0.01954365 -1.227772E-05 -0.02102715 1 -0.770743 0.1202181 -0.6257018 0 0.09081539 0.9927397 0.07887123 0 0.6306408 0.003966096 -0.7760649 0 -0.03587727 -0.008058803 0.100505 1 -0.6699525 -0.74128 0.0408368 0 0.04289046 -0.09356046 -0.9946894 0 0.741164 -0.664643 0.0944749 0 -0.03225496 0.09670153 -0.008823007 1 -0.1339778 -0.09750584 -0.9861759 0 0.8062972 0.5678322 -0.1656834 0 0.5761375 -0.8173487 0.002541806 0 -0.03600791 0.07516459 0.05461871 1 0.04508577 -0.9942187 0.09744974 0 0.02284032 -0.09649754 -0.9950712 0 0.9987218 0.04708935 0.01835761 0 -0.07332041 0.06085886 -0.006985903 1 -0.09250481 -0.1374782 -0.9861758 0 0.5632019 0.8095384 -0.1656833 0 0.8211249 -0.5707427 0.002541803 0 -0.05182341 0.06106385 0.05461871 1 -0.501283 -0.8597783 0.09745089 0 -0.03314098 -0.0934631 -0.9950711 0 0.8646483 -0.5020419 0.01835758 0 -0.03439602 0.09173632 -0.006985974 1 -0.186021 -0.9777013 0.09745094 0 -9.121872E-05 -0.09916487 -0.9950711 0 0.9825457 -0.1851131 0.01835757 0 -0.05978763 0.07616293 -0.006985976 1 -0.1323668 -0.09968173 -0.9861759 0 0.7969126 0.5809296 -0.1656833 0 0.5894144 -0.8078268 0.002541803 0 -0.03205939 0.07465079 0.05461872 1 3.353555E-07 1.444343E-06 -1 0 0.2446204 -0.9696189 -1.318428E-06 0 -0.9696189 -0.2446204 -6.784825E-07 0 0.1283445 0.02799914 7.517207E-08 1 4.251874E-07 -1.086786E-07 1 0 0.8757476 -0.4827695 -4.248234E-07 0 0.4827695 0.8757475 -1.100926E-07 0 -0.05995956 -0.1189472 1.169449E-08 1 4.219658E-07 1.46925E-06 -1 0 0.3078004 -0.9514509 -1.268038E-06 0 -0.9514509 -0.3078004 -8.537149E-07 0 0.1152084 0.03637148 9.839307E-08 1  
