<Frame>: 0 0 wolf_02_Mecanim
	<Transform>: 0.9426295 -0.01699996 -0.5496695 0 0 0 0.1 0.1 0.1 0 0 0 1  
	<TransformMatrix>: 0.1 0 0 0 0 0.1 0 0 0 0 0.1 0 0.9426295 -0.01699996 -0.5496695 1  
	<Children>: 2
		<Frame>: 1 0 Bip02
			<Transform>: -1.606531E-08 7.150383 -0.5031369 330 -0.0001242174 90.00004 1 1 1 -0.1830133 0.1830119 0.6830127 0.6830127  
			<TransformMatrix>: 4.768372E-07 0.8660257 -0.4999999 0 -1 -4.768372E-07 -1.877547E-06 0 -1.877546E-06 0.4999999 0.8660255 0 -1.606531E-08 7.150383 -0.5031369 1  
			<Children>: 1
				<Frame>: 2 0 Bip02_Pelvis
					<Transform>: 2.772197 2.139733E-05 -4.994435 270 90 0 1 1 1 -0.4999996 0.5000004 0.4999996 0.5000004  
					<TransformMatrix>: 0 0 -1 0 -1 1.430512E-06 0 0 1.430511E-06 1 0 0 2.772197 2.139733E-05 -4.994435 1  
					<Children>: 4
						<Frame>: 3 0 Bip02_L_Thigh
							<Transform>: 7.152639E-07 2.861012E-06 1.342208 353.646 179.2752 286.3843 1 0.9999999 1 -0.5984809 0.799193 0.04058794 0.03826017  
							<TransformMatrix>: -0.2807137 -0.9534979 -0.1097368 0 -0.9597093 0.2803463 0.01907922 0 0.01257231 0.1106712 -0.993778 0 7.152639E-07 2.861012E-06 1.342208 1  
							<Children>: 1
								<Frame>: 4 0 Bip02_L_Calf
									<Transform>: -3.265976 -4.768317E-07 0 6.398591E-07 2.446632E-08 92.19147 1 0.9999999 0.9999999 4.025966E-09 -3.875084E-09 0.7204996 0.6934555  
									<TransformMatrix>: -0.03823924 0.9992687 1.117581E-08 0 -0.9992687 -0.03823924 -3.357314E-13 0 4.270179E-10 -1.116765E-08 0.9999999 0 -3.265976 -4.768317E-07 0 1  
									<Children>: 1
										<Frame>: 5 0 Bip02_L_Foot
											<Transform>: -3.141479 0 -2.384186E-07 1.859886 1.052109 344.7482 1 1 0.9999998 0.0148674 0.01125254 -0.1328293 0.9909636  
											<TransformMatrix>: 0.9644595 -0.2629235 -0.02625136 0 0.2635927 0.9642707 0.02647677 0 0.01835205 -0.03245543 0.9993044 0 -3.141479 0 -2.384186E-07 1  
											<Children>: 1
												<Frame>: 6 0 Bip02_L_Toe0
													<Transform>: -0.8003864 2.92673 -0.01968098 3.274326 358.0285 217.2151 1 0.9999999 0.9999996 -0.02541253 -0.02158537 0.9470423 -0.3193729  
													<TransformMatrix>: -0.7947106 -0.6038225 -0.06192107 0 0.6060164 -0.79507 -0.02465236 0 -0.03434591 -0.05711664 0.9977762 0 -0.8003864 2.92673 -0.01968098 1  
													<Children>: 1
														<Frame>: 7 0 Bip02_L_Toe0Nub
															<Transform>: -1.069399 -5.960464E-08 0 -1.067217E-07 1.306964E-23 180 -1 -0.9999999 -0.9999999 5.702706E-26 9.313227E-10 1 6.123234E-17  
															<TransformMatrix>: 1 -1.224647E-16 1.232595E-32 0 1.224647E-16 0.9999999 -1.862645E-09 0 -2.281082E-25 -1.862645E-09 -0.9999999 0 -1.069399 -5.960464E-08 0 1  
															<Children>: 0
														</Frame>
												</Frame>
										</Frame>
								</Frame>
						</Frame>
						<Frame>: 8 0 Bip02_R_Thigh
							<Transform>: -2.14577E-06 -1.907349E-06 -1.342208 5.138435 179.2631 254.6924 1 1 1 0.7939943 -0.6062363 0.03229945 0.03173842  
							<TransformMatrix>: 0.2628685 -0.9606463 0.08977313 0 -0.9647467 -0.2629404 0.01123804 0 0.0128092 -0.08956245 -0.9958991 0 -2.14577E-06 -1.907349E-06 -1.342208 1  
							<Children>: 1
								<Frame>: 9 0 Bip02_R_Calf
									<Transform>: -3.265976 -8.185452E-12 0 3.216303E-07 5.109054E-07 102.8088 1 1 1 5.235523E-09 5.876243E-10 0.7815683 0.6238197  
									<TransformMatrix>: -0.221698 0.9751155 7.450695E-09 0 -0.9751154 -0.2216979 7.450582E-09 0 8.916981E-09 -5.613508E-09 1 0 -3.265976 -8.185452E-12 0 1  
									<Children>: 1
										<Frame>: 10 0 Bip02_R_Foot
											<Transform>: -3.14148 -4.768317E-07 2.384159E-07 359.7914 359.8579 353.6609 1 1 0.9999999 -0.00174866 -0.001338814 -0.05529306 0.9984678  
											<TransformMatrix>: 0.9938819 -0.110412 0.002866904 0 0.1104214 0.9938793 -0.003343907 0 -0.002480148 0.003640015 0.9999902 0 -3.14148 -4.768317E-07 2.384159E-07 1  
											<Children>: 1
												<Frame>: 11 0 Bip02_R_Toe0
													<Transform>: -0.8003855 2.92673 0.01968086 356.3876 1.246841 229.2322 0.9999995 1 1.000001 0.02301476 0.0241228 0.9084707 -0.4166167  
													<TransformMatrix>: -0.6518015 -0.7558575 0.06191637 0 0.7580789 -0.6516977 0.02465307 0 0.02171655 0.06300642 0.9977774 0 -0.8003855 2.92673 0.01968086 1  
													<Children>: 1
														<Frame>: 12 0 Bip02_R_Toe0Nub
															<Transform>: -1.069399 0 1.192093E-07 -1.067217E-07 2.668043E-08 0 0.9999999 1 0.9999999 -9.313226E-10 2.328307E-10 2.168405E-19 1  
															<TransformMatrix>: 0.9999999 0 -4.656613E-10 0 -8.673618E-19 1 -1.862645E-09 0 4.656613E-10 1.862645E-09 0.9999999 0 -1.069399 0 1.192093E-07 1  
															<Children>: 0
														</Frame>
												</Frame>
										</Frame>
								</Frame>
						</Frame>
						<Frame>: 13 0 Bip02_Spine
							<Transform>: -1.409749 0.2600098 -9.726882E-07 -0.0002287463 0.0001339291 339.9543 1 1 1 -2.169133E-06 8.034974E-07 -0.1740405 0.9847385  
							<TransformMatrix>: 0.93942 -0.3427687 -8.274361E-07 0 0.3427687 0.93942 -4.55174E-06 0 2.337503E-06 3.992376E-06 1 0 -1.409749 0.2600098 -9.726882E-07 1  
							<Children>: 1
								<Frame>: 14 0 Bip02_Spine1
									<Transform>: -2.236713 -0.001682281 -4.665708E-09 4.720511E-06 3.844514E-05 346 1 0.9999999 1 3.628114E-13 3.380167E-07 -0.1218693 0.9925462  
									<TransformMatrix>: 0.9702957 -0.2419219 -6.709946E-07 0 0.2419219 0.9702956 -8.238702E-08 0 6.709943E-07 -8.238846E-08 1 0 -2.236713 -0.001682281 -4.665708E-09 1  
									<Children>: 1
										<Frame>: 15 0 Bip02_Spine2
											<Transform>: -2.177871 -0.001574993 -4.366996E-09 5.391379E-06 4.111283E-05 345 1 1 1 -1.837179E-10 3.618488E-07 -0.1305263 0.9914449  
											<TransformMatrix>: 0.9659258 -0.2588193 -7.174584E-07 0 0.2588193 0.9659258 -9.48259E-08 0 7.175543E-07 -9.409731E-08 1 0 -2.177871 -0.001574993 -4.366996E-09 1  
											<Children>: 1
												<Frame>: 16 0 Bip02_Neck
													<Transform>: -2.047235 -0.001363277 -3.781681E-09 9.151622E-06 -5.314995E-05 19.53934 1 0.9999999 1 5.915109E-14 -4.706461E-07 0.1696878 0.9854979  
													<TransformMatrix>: 0.9424121 0.3344539 9.276416E-07 0 -0.3344539 0.942412 -1.597257E-07 0 -9.276416E-07 -1.597259E-07 1 0 -2.047235 -0.001363277 -3.781681E-09 1  
													<Children>: 3
														<Frame>: 17 0 Bip02_L_Clavicle
															<Transform>: -0.2577684 -0.5643349 0.3058189 344.6252 267.0282 235.891 1 1 0.9999999 -0.5917211 0.4181637 0.6482409 -0.2340705  
															<TransformMatrix>: -0.1901543 -0.7983407 -0.5713961 0 -0.1914044 -0.5407003 0.8191506 0 -0.9629152 0.2651327 -0.04998946 0 -0.2577684 -0.5643349 0.3058189 1  
															<Children>: 1
																<Frame>: 18 0 Bip02_L_UpperArm
																	<Transform>: -2.353969 0 1.364242E-12 302.7366 255.6202 114.6652 1 0.9999999 1 -0.7423083 -0.1270006 0.2486276 0.6091253  
																	<TransformMatrix>: 0.8441103 0.4914379 -0.2143981 0 -0.1143435 -0.2256745 -0.9674692 0 -0.5238352 0.8411658 -0.1343014 0 -2.353969 0 1.364242E-12 1  
																	<Children>: 1
																		<Frame>: 19 0 Bip02_L_Forearm
																			<Transform>: -2.374316 -6.82121E-13 2.384159E-07 -4.924645E-07 8.176906E-07 57.62353 1 1 0.9999999 -3.266263E-10 8.323493E-09 0.4819336 0.8762078  
																			<TransformMatrix>: 0.5354801 0.844548 -1.490104E-08 0 -0.8445479 0.53548 7.450357E-09 0 1.427139E-08 8.595126E-09 0.9999999 0 -2.374316 -6.82121E-13 2.384159E-07 1  
																			<Children>: 1
																				<Frame>: 20 0 Bip02_L_Hand
																					<Transform>: -3.545403 2.384131E-07 0 1.475007 1.407747 1.198882 0.9999999 0.9999998 0.9999999 0.01299834 0.01214826 0.01030226 0.9997886  
																					<TransformMatrix>: 0.9994925 0.02091598 -0.02402355 0 -0.02028435 0.9994496 0.02624149 0 0.0245592 -0.02574088 0.9993669 0 -3.545403 2.384131E-07 0 1  
																					<Children>: 1
																						<Frame>: 21 0 Bip02_L_Finger0
																							<Transform>: -2.028816 -2.384159E-07 3.576224E-07 355.8063 355.0628 15.36013 0.9999998 0.9999998 1 -0.04197912 -0.03777182 0.1318662 0.9896577  
																							<TransformMatrix>: 0.962369 0.264176 0.06369108 0 -0.2578334 0.9616979 -0.09305155 0 -0.08583359 0.07312827 0.9936221 0 -2.028816 -2.384159E-07 3.576224E-07 1  
																							<Children>: 1
																								<Frame>: 22 0 Bip02_L_Finger0Nub
																									<Transform>: -0.854562 0 -2.384186E-07 -2.134434E-07 -5.336085E-08 8.537737E-07 1 1 1 -1.862645E-09 -4.656613E-10 7.450581E-09 1  
																									<TransformMatrix>: 1 1.490116E-08 9.313226E-10 0 -1.490116E-08 1 -3.72529E-09 0 -9.313226E-10 3.72529E-09 1 0 -0.854562 0 -2.384186E-07 1  
																									<Children>: 0
																								</Frame>
																						</Frame>
																				</Frame>
																		</Frame>
																</Frame>
														</Frame>
														<Frame>: 23 0 Bip02_Neck1
															<Transform>: -1.817474 -0.001318932 -3.657983E-09 9.672848E-07 1.750905E-05 353.6744 1 1 1 -1.904255E-12 1.530283E-07 -0.05517315 0.9984768  
															<TransformMatrix>: 0.9939119 -0.1101782 -3.055902E-07 0 0.1101782 0.9939119 -1.688991E-08 0 3.055906E-07 -1.68823E-08 1 0 -1.817474 -0.001318932 -3.657983E-09 1  
															<Children>: 1
																<Frame>: 24 0 Bip02_Head
																	<Transform>: -1.666827 0 -1.818969E-12 3.17421E-05 -9.524635E-05 36.83196 1 0.9999999 1 2.346496E-10 -8.761235E-07 0.3159137 0.948788  
																	<TransformMatrix>: 0.8003971 0.5994702 1.662659E-06 0 -0.5994701 0.800397 -5.531135E-07 0 -1.662363E-06 -5.540041E-07 1 0 -1.666827 0 -1.818969E-12 1  
																	<Children>: 2
																		<Frame>: 25 0 Bip02_HeadNub
																			<Transform>: -2.744229 0 3.637979E-12 0 0 0 1 1 1 0 0 0 1  
																			<TransformMatrix>: 1 0 0 0 0 1 0 0 0 0 1 0 -2.744229 0 3.637979E-12 1  
																			<Children>: 0
																		</Frame>
																		<Frame>: 26 0 Bip02_Ponytail1
																			<Transform>: -0.6547937 1.608092 7.68101E-05 3.520193 0.9995337 240.5852 0.9999999 1 1 0.007964428 0.03091756 -0.8631555 0.5039279  
																			<TransformMatrix>: -0.4919867 -0.8694437 -0.04490951 0 0.8704287 -0.4902018 -0.04534632 0 0.01741136 -0.06140031 0.9979613 0 -0.6547937 1.608092 7.68101E-05 1  
																			<Children>: 1
																				<Frame>: 27 0 Bip02_Ponytail1Nub
																					<Transform>: -2.393207 0 0 -0.0001589619 180 269.9544 0.9999999 0.9999999 1 0.7073883 -0.7068253 -9.812926E-07 -9.805116E-07  
																					<TransformMatrix>: 0.0007961392 -0.9999998 -2.77441E-06 0 -0.9999998 -0.000796318 0 0 -2.209049E-09 2.774409E-06 -1 0 -2.393207 0 0 1  
																					<Children>: 0
																				</Frame>
																		</Frame>
																</Frame>
														</Frame>
														<Frame>: 28 0 Bip02_R_Clavicle
															<Transform>: -0.2577684 -0.5643334 -0.3058221 15.37482 92.97192 235.8913 0.9999999 0.9999999 0.9999998 0.5917204 -0.4181656 0.6482397 -0.2340723  
															<TransformMatrix>: -0.1901543 -0.798344 0.5713913 0 -0.1914043 -0.5406955 -0.8191537 0 0.9629151 -0.2651323 -0.04999088 0 -0.2577684 -0.5643334 -0.3058221 1  
															<Children>: 1
																<Frame>: 29 0 Bip02_R_UpperArm
																	<Transform>: -2.353969 0 -1.192079E-07 60.73465 108.0461 69.58432 1 1 1 0.6423009 0.4039415 -0.04675764 0.649688  
																	<TransformMatrix>: 0.6692899 0.4581483 -0.5849369 0 0.5796599 0.1705266 0.7968158 0 0.4648071 -0.8723652 -0.1514385 0 -2.353969 0 -1.192079E-07 1  
																	<Children>: 1
																		<Frame>: 30 0 Bip02_R_Forearm
																			<Transform>: -2.374316 -2.384159E-07 0 -4.203457E-07 4.333295E-07 89.12772 1 0.9999999 1 4.001866E-11 5.268206E-09 0.7017038 0.7124687  
																			<TransformMatrix>: 0.01522345 0.9998842 -7.450703E-09 0 -0.9998841 0.01522344 7.450464E-09 0 7.563027E-09 7.336416E-09 1 0 -2.374316 -2.384159E-07 0 1  
																			<Children>: 1
																				<Frame>: 31 0 Bip02_R_Hand
																					<Transform>: -3.545403 -2.384159E-07 2.728484E-12 358.921 358.9904 10.69332 1 1 1 -0.01019603 -0.007894687 0.09309108 0.9955741  
																					<TransformMatrix>: 0.9825435 0.1855191 0.01382117 0 -0.1851971 0.9824602 -0.02177166 0 -0.01761781 0.01883196 0.9996675 0 -3.545403 -2.384159E-07 2.728484E-12 1  
																					<Children>: 1
																						<Frame>: 32 0 Bip02_R_Finger0
																							<Transform>: -2.028815 -2.728484E-12 4.76829E-07 10.65106 5.633503 25.51238 0.9999999 0.9999998 1 0.1012179 0.02725311 0.2151356 0.9709423  
																							<TransformMatrix>: 0.9059478 0.4232854 -0.009371246 0 -0.4122514 0.886943 0.2082797 0 0.09647356 -0.1848273 0.9780245 0 -2.028815 -2.728484E-12 4.76829E-07 1  
																							<Children>: 1
																								<Frame>: 33 0 Bip02_R_Finger0Nub
																									<Transform>: -0.854562 5.960464E-08 -1.192093E-07 1.067217E-07 -2.934847E-07 180 -0.9999999 -0.9999999 -0.9999999 -2.561137E-09 -9.313227E-10 1 -7.450581E-09  
																									<TransformMatrix>: 0.9999999 1.490116E-08 5.122274E-09 0 -1.490116E-08 0.9999999 1.862645E-09 0 5.122274E-09 1.862645E-09 -0.9999999 0 -0.854562 5.960464E-08 -1.192093E-07 1  
																									<Children>: 0
																								</Frame>
																						</Frame>
																				</Frame>
																		</Frame>
																</Frame>
														</Frame>
												</Frame>
										</Frame>
								</Frame>
						</Frame>
						<Frame>: 34 0 Bip02_Tail
							<Transform>: 0.3747201 -0.9553185 -4.783997E-07 3.585241E-05 -2.989356E-05 136.5193 1 1 1 -1.264276E-07 -3.872441E-07 0.928872 0.3704007  
							<TransformMatrix>: -0.7256066 0.6881098 5.200083E-08 0 -0.6881098 -0.7256066 -8.130581E-07 0 -5.217411E-07 -6.257426E-07 1 0 0.3747201 -0.9553185 -4.783997E-07 1  
							<Children>: 1
								<Frame>: 35 0 Bip02_Tail1
									<Transform>: -0.6733875 -0.001023293 -2.837626E-09 1.11238E-05 -5.841022E-05 21.56491 1 1 1 -3.704057E-14 -5.188865E-07 0.1870805 0.9823446  
									<TransformMatrix>: 0.9300019 0.367555 1.019451E-06 0 -0.367555 0.9300019 -1.941471E-07 0 -1.019451E-06 -1.94147E-07 1 0 -0.6733875 -0.001023293 -2.837626E-09 1  
									<Children>: 1
										<Frame>: 36 0 Bip02_Tail2
											<Transform>: -1.381552 -0.001962662 -5.442415E-09 2.992064E-06 3.06922E-05 348.8642 1 1 1 2.277153E-13 2.691097E-07 -0.09702531 0.9952819  
											<TransformMatrix>: 0.9811722 -0.1931351 -5.356801E-07 0 0.1931351 0.9811722 -5.222045E-08 0 5.3568E-07 -5.222136E-08 1 0 -1.381552 -0.001962662 -5.442415E-09 1  
											<Children>: 1
												<Frame>: 37 0 Bip02_Tail3
													<Transform>: -2.51188 -0.001932144 -5.358743E-09 1.624872E-05 7.000236E-05 333.8642 1 1 1 -4.943844E-14 6.271267E-07 -0.2261057 0.9741028  
													<TransformMatrix>: 0.8977525 -0.4405003 -1.221772E-06 0 0.4405003 0.8977525 -2.835939E-07 0 1.221772E-06 -2.835937E-07 1 0 -2.51188 -0.001932144 -5.358743E-09 1  
													<Children>: 1
														<Frame>: 38 0 Bip02_TailNub
															<Transform>: -2.702371 0 0 -0.0001589156 180 269.9544 0.9999999 0.9999999 1 0.7073883 -0.7068253 -9.802252E-07 -9.810061E-07  
															<TransformMatrix>: 0.0007961392 -0.9999998 -2.773599E-06 0 -0.9999998 -0.000796318 -2.208594E-09 0 1.136868E-13 2.7736E-06 -1 0 -2.702371 0 0 1  
															<Children>: 0
														</Frame>
												</Frame>
										</Frame>
								</Frame>
						</Frame>
				</Frame>
		</Frame>
		<Frame>: 39 0 Mesh_Body
			<Transform>: 0 0 0 270 0 0 1 1 1 -0.7071068 0 0 0.7071068  
			<TransformMatrix>: 1 0 0 0 0 -1.192093E-07 -1 0 0 1 -1.192093E-07 0 0 0 0 1  
			<SkinningInfo>:  Mesh_Body
				<BonesPerVertex>: 4
				<Bounds>: -4.45545 5.158825 -0.002023935 10.48253 7.024239 2.622892
				<BoneNames>: 30 Bip02_Head Bip02_L_Calf Bip02_L_Clavicle Bip02_L_Finger0 Bip02_L_Foot Bip02_L_Forearm Bip02_L_Hand Bip02_L_Thigh Bip02_L_Toe0 Bip02_L_UpperArm Bip02_Neck Bip02_Neck1 Bip02_Pelvis Bip02_Ponytail1 Bip02_R_Calf Bip02_R_Clavicle Bip02_R_Finger0 Bip02_R_Foot Bip02_R_Forearm Bip02_R_Hand Bip02_R_Thigh Bip02_R_Toe0 Bip02_R_UpperArm Bip02_Spine Bip02_Spine1 Bip02_Spine2 Bip02_Tail Bip02_Tail1 Bip02_Tail2 Bip02_Tail3  
				<BoneOffsets>: 30 1.66893E-06 1.565387E-06 -1 0 0.5735765 -0.819152 -3.250304E-07 0 -0.8191519 -0.5735766 -2.264976E-06 0 12.08111 2.415355 -0.002006475 1 0.01722628 -0.08023024 0.9966274 0 -0.5273866 -0.8475662 -0.05911491 0 0.8494506 -0.5245897 -0.05691277 0 -2.97638 6.377269 2.170574 1 0.5713937 -0.8191522 0.04998828 0 0.157944 0.04999152 -0.9861817 0 0.805334 0.5713934 0.157945 0 -7.313253 -5.704445 -3.725223 1 0.0439347 0.0358027 -0.9983928 0 0.9811184 0.1868669 0.04987565 0 0.1883522 -0.9817326 -0.02691675 0 2.406364 0.7701941 -1.309217 1 -0.03033459 -0.08170731 0.9961947 0 -0.9410107 -0.3337066 -0.05602464 0 0.3370144 -0.9391293 -0.06676459 0 4.116972 4.86655 2.185283 1 -0.02441931 0.05114483 -0.9983927 0 0.05002332 0.997502 0.0498757 0 0.9984494 -0.04872499 -0.02691674 0 -5.662366 1.915454 -1.309217 1 -0.008065104 0.0553034 -0.9984369 0 0.3450682 0.9372909 0.04912915 0 0.9385429 -0.3441326 -0.02664279 0 -1.449813 2.458335 -1.311175 1 0.07841807 -0.0241702 0.9966274 0 0.4818261 -0.8742706 -0.05911453 0 0.8727509 0.4848368 -0.05691278 0 -10.28445 0.5190285 2.170572 1 0.006484628 0.02946256 0.9995449 0 0.9792714 -0.2025526 -0.0003826673 0 0.2024491 0.9788281 -0.03016531 0 -5.337115 0.8439264 1.899519 1 -0.04613495 0.03291885 -0.9983927 0 -0.4393535 0.8969286 0.04987558 0 0.8971288 0.4409483 -0.02691674 0 -8.255951 -1.066638 -1.309217 1 1.66893E-06 1.866162E-06 -1 0 0.737352 -0.6755087 -3.001977E-08 0 -0.6755087 -0.737352 -2.503395E-06 0 7.80463 5.214216 -0.002001252 1 1.907349E-06 2.163194E-06 -1 0 0.8273936 -0.5616224 3.632295E-07 0 -0.5616224 -0.8273936 -2.861023E-06 0 8.765545 6.553833 -0.00199636 1 4.768371E-07 -1.858288E-06 -1 0 0.8660255 -0.4999997 1.342097E-06 0 -0.4999997 -0.8660255 1.370907E-06 0 -0.3717038 10.43099 -0.002031099 1 0.05009883 0.0395361 -0.9979614 0 0.5365899 0.8416872 0.06028245 0 0.8423547 -0.538516 0.02095288 0 -5.613177 11.45954 0.170104 1 -0.01722944 0.0802271 0.9966277 0 -0.5273867 -0.8475667 0.05911058 0 0.8494506 -0.5245897 0.0569138 0 -2.976449 6.377596 -2.16655 1 -0.5713941 0.8191518 0.04999215 0 0.1579462 0.04998852 0.9861816 0 0.8053333 0.5713944 -0.1579451 0 -7.315555 -5.701145 3.725425 1 -0.04393101 -0.03580091 -0.9983929 0 0.9811185 0.1868672 -0.04987169 0 0.1883523 -0.9817327 0.02691567 0 2.406187 0.77005 1.305194 1 0.03033042 0.08170722 0.9961947 0 -0.9410108 -0.333707 0.05602069 0 0.3370144 -0.9391292 0.0667659 0 4.117094 4.86688 -2.181264 1 0.02441847 -0.05114115 -0.9983928 0 0.05002322 0.9975021 -0.04987206 0 0.9984494 -0.04872503 0.02691572 0 -5.662267 1.915248 1.305193 1 0.008065283 -0.05529947 -0.9984372 0 0.3450682 0.9372911 -0.0491254 0 0.938543 -0.3441327 0.02664161 0 -1.44978 2.458112 1.307152 1 -0.07841729 0.02416677 0.9966276 0 0.4818264 -0.8742704 0.05911117 0 0.8727508 0.4848368 0.05691374 0 -10.28477 0.5191247 -2.166553 1 -0.006481171 -0.02946424 0.9995448 0 0.9792712 -0.2025532 0.0003789196 0 0.2024498 0.9788278 0.03016627 0 -5.337141 0.8438112 -1.895488 1 0.04613226 -0.03291582 -0.9983929 0 -0.4393537 0.8969287 -0.04987167 0 0.8971288 0.4409483 0.02691567 0 -8.255765 -1.066771 1.305194 1 1.847744E-06 3.596089E-06 -1 0 0.984669 0.1744328 2.446692E-06 0 0.1744328 -0.984669 -3.218651E-06 0 -5.748722 8.454202 -0.001992047 1 6.123234E-17 3.33786E-06 -1 0 0.9999999 -6.123254E-17 6.123214E-17 0 -6.123234E-17 -0.9999999 -3.33786E-06 0 -1.983887 8.939007 -0.001985993 1 1.847744E-06 3.070548E-06 -1 0 0.9962639 -0.08636168 1.575663E-06 0 -0.08636168 -0.9962639 -3.218651E-06 0 0.964675 8.888796 -0.001990926 1 -2.026558E-06 2.648023E-06 -1 0 -0.9762231 0.2167686 2.552381E-06 0 0.2167686 0.9762231 2.145767E-06 0 4.131986 -10.63621 -0.002045612 1 -1.430511E-06 4.039828E-06 -1 0 -0.4987266 0.8667594 4.214992E-06 0 0.8667593 0.4987266 7.748604E-07 0 -4.607247 -10.7226 -0.00204446 1 -1.072884E-06 4.899792E-06 -1 0 -0.2138974 0.9768561 5.015879E-06 0 0.9768561 0.2138974 5.475911E-17 0 -6.311605 -9.247073 -0.002044289 1 -8.34465E-07 4.838113E-06 -1 0 -0.1699678 0.9854496 4.909549E-06 0 0.9854496 0.1699678 -3.481833E-17 0 -4.210682 -9.065573 -0.00204371 1  
