<Frame>: 0 1 Skeleton_A
	<Transform>: 0 0 0 0 0 0 1 1 1 0 0 0 1  
	<TransformMatrix>: 1 0 0 0 0 1 0 0 0 0 1 0 0 0 0 1  
	<Children>: 2
		<Frame>: 1 0 Bip001
			<Transform>: 0 0.8114123 -0.01365672 270 89.99992 0 0.9999999 0.9999999 1 -0.5000004 0.4999996 0.4999996 0.5000004  
			<TransformMatrix>: 1.430511E-06 0 -0.9999999 0 -0.9999999 0 -1.430511E-06 0 0 1 0 0 0 0.8114123 -0.01365672 1  
			<Children>: 2
				<Frame>: 2 0 Bip001_Footsteps
					<Transform>: 0 0 -0.8121807 0 0 270.0001 1 1 1 0 0 -0.7071063 0.7071072  
					<TransformMatrix>: 1.370907E-06 -0.9999999 0 0 0.9999999 1.370907E-06 0 0 0 0 1 0 0 0 -0.8121807 1  
					<Children>: 0
				</Frame>
				<Frame>: 3 0 Bip001_Pelvis
					<Transform>: 0 0 0 270 89.99992 0 1 0.9999999 0.9999999 -0.5 0.5 0.4999993 0.5000007  
					<TransformMatrix>: 1.370907E-06 0 -1 0 -0.9999999 1.370907E-06 -1.400709E-06 0 1.400709E-06 0.9999999 0 0 0 0 0 1  
					<Children>: 5
						<Frame>: 4 0 Bip001_L_Thigh
							<Transform>: 1.16272E-07 1.607823E-07 0.09071241 359.981 180.5576 359.5341 1 1 0.9999999 -0.004064384 0.9999799 0.0001852251 -0.00486517  
							<TransformMatrix>: -0.9999198 -0.008130407 0.009728638 0 -0.008126803 0.9999669 0.0004099905 0 -0.009731648 0.0003308948 -0.9999526 0 1.16272E-07 1.607823E-07 0.09071241 1  
							<Children>: 1
								<Frame>: 5 0 Bip001_L_Calf
									<Transform>: -0.3651203 0 0 -5.364468E-09 1.067953E-07 6.45196 1 0.9999999 1 5.705969E-12 9.331222E-10 0.05627423 0.9984154  
									<TransformMatrix>: 0.9936665 0.1123701 -1.862645E-09 0 -0.1123701 0.9936664 1.164153E-10 0 1.863929E-09 9.362763E-11 1 0 -0.3651203 0 0 1  
									<Children>: 1
										<Frame>: 6 0 Bip001_L_Foot
											<Transform>: -0.3651202 7.266999E-09 0 354.5434 0.0133435 353.9866 0.9999999 0.9999999 1 -0.04754046 -0.002380579 -0.05238747 0.9974918  
											<TransformMatrix>: 0.9944997 -0.1042858 0.009730264 0 0.1047385 0.9899908 -0.094593 0 0.0002318327 0.09509186 0.9954685 0 -0.3651202 7.266999E-09 0 1  
											<Children>: 1
												<Frame>: 7 0 Bip001_L_Toe0
													<Transform>: -0.08397771 0.1080756 7.266999E-09 1.017778E-13 -2.504479E-06 270 0.9999999 0.9999999 1 1.545431E-08 -1.545431E-08 -0.7071068 0.7071068  
													<TransformMatrix>: 5.960464E-08 -0.9999999 1.776357E-15 0 0.9999999 5.960464E-08 4.371139E-08 0 -4.37114E-08 -1.776357E-15 1 0 -0.08397771 0.1080756 7.266999E-09 1  
													<Children>: 1
														<Frame>: 8 0 Bip001_L_Toe0Nub
															<Transform>: -0.08259346 -5.677343E-11 -7.266999E-09 -2.035555E-13 1.052185E-13 180 -1 -1 -1 9.182045E-16 1.776357E-15 1 1.837589E-15  
															<TransformMatrix>: 1 -3.675179E-15 -1.836409E-15 0 3.675179E-15 1 -3.552714E-15 0 -1.836409E-15 -3.552714E-15 -1 0 -0.08259346 -5.677343E-11 -7.266999E-09 1  
															<Children>: 0
														</Frame>
												</Frame>
										</Frame>
								</Frame>
						</Frame>
						<Frame>: 9 0 Bip001_R_Thigh
							<Transform>: -1.16272E-07 -8.992911E-08 -0.09071241 0.01911779 179.4426 359.5341 0.9999999 1 0.9999999 -0.004064391 0.9999799 -0.0001866059 0.00486369  
							<TransformMatrix>: -0.9999197 -0.008130434 -0.009725666 0 -0.008126805 0.9999669 -0.0004127401 0 0.0097287 -0.0003336683 -0.9999526 0 -1.16272E-07 -8.992911E-08 -0.09071241 1  
							<Children>: 1
								<Frame>: 10 0 Bip001_R_Calf
									<Transform>: -0.3651204 -9.083748E-10 0 5.364469E-09 -1.067953E-07 6.451961 1 0.9999999 1 -5.705963E-12 -9.331222E-10 0.05627424 0.9984154  
									<TransformMatrix>: 0.9936664 0.1123701 1.862645E-09 0 -0.1123701 0.9936664 -1.164153E-10 0 -1.863929E-09 -9.362765E-11 1 0 -0.3651204 -9.083748E-10 0 1  
									<Children>: 1
										<Frame>: 11 0 Bip001_R_Foot
											<Transform>: -0.3651203 7.266999E-09 7.266999E-09 5.456606 359.9866 353.9866 0.9999999 0.9999999 1 0.04754046 0.002380492 -0.05238746 0.9974918  
											<TransformMatrix>: 0.9944997 -0.1042858 -0.009730089 0 0.1047385 0.9899908 0.094593 0 -0.000232006 -0.09509184 0.9954685 0 -0.3651203 7.266999E-09 7.266999E-09 1  
											<Children>: 1
												<Frame>: 12 0 Bip001_R_Toe0
													<Transform>: -0.08397772 0.1080756 0 -4.268867E-07 2.504479E-06 270 1 1 1 -1.808849E-08 1.282014E-08 -0.7071068 0.7071068  
													<TransformMatrix>: -1.192093E-07 -1 7.45058E-09 0 1 -1.192093E-07 -4.37114E-08 0 4.371141E-08 7.45058E-09 1 0 -0.08397772 0.1080756 0 1  
													<Children>: 1
														<Frame>: 13 0 Bip001_R_Toe0Nub
															<Transform>: -0.08259346 -5.677343E-11 0 -2.035555E-13 -4.268867E-07 1.017777E-13 1 1 1 -1.776357E-15 -3.725289E-09 8.881783E-16 1  
															<TransformMatrix>: 1 1.776357E-15 7.45058E-09 0 -1.776357E-15 1 -3.552714E-15 0 -7.45058E-09 3.552714E-15 1 0 -0.08259346 -5.677343E-11 0 1  
															<Children>: 0
														</Frame>
												</Frame>
										</Frame>
								</Frame>
						</Frame>
						<Frame>: 14 0 Bip001_Spine
							<Transform>: -0.08397784 -0.0001366477 1.1665E-07 -0.0002383733 7.958433E-05 359.9544 1 0.9999999 0.9999999 -2.080476E-06 6.93676E-07 -0.000398159 0.9999999  
							<TransformMatrix>: 0.9999997 -0.0007963179 -1.385695E-06 0 0.0007963179 0.9999996 -4.161504E-06 0 1.389009E-06 4.160398E-06 0.9999999 0 -0.08397784 -0.0001366477 1.1665E-07 1  
							<Children>: 1
								<Frame>: 15 0 Bip001_Spine1
									<Transform>: -0.1716576 -0.0001511826 -4.193208E-10 -3.451231E-12 0 0 1 1 1 -3.011767E-14 0 0 1  
									<TransformMatrix>: 1 0 0 0 0 1 -6.023535E-14 0 0 6.023535E-14 1 0 -0.1716576 -0.0001511826 -4.193208E-10 1  
									<Children>: 3
										<Frame>: 16 0 Bip001_L_Clavicle
											<Transform>: -0.1898626 -1.108217E-07 0.03730168 0.09842363 280.1819 179.7101 1 1 1 -0.6415669 -0.002281945 0.7670624 0.001389545  
											<TransformMatrix>: -0.1767799 0.005059776 -0.9842376 0 0.0007963046 -0.9999857 -0.00528376 0 -0.9842501 -0.001717816 0.1767733 0 -0.1898626 -1.108217E-07 0.03730168 1  
											<Children>: 2
												<Frame>: 17 0 Bip001_L_UpperArm
													<Transform>: -0.1082689 0 0 36.52416 290.4086 355.98 1 1 1 0.2761805 -0.5325511 0.1513602 0.7856233  
													<TransformMatrix>: 0.3869588 -0.05633618 0.9203745 0 -0.5319847 0.8016289 0.2727335 0 -0.7531636 -0.5951617 0.2802274 0 -0.1082689 0 0 1  
													<Children>: 1
														<Frame>: 18 0 Bip001_L_Forearm
															<Transform>: -0.2757521 0 0 6.78443E-06 -1.092333E-06 12.73757 1 0.9999999 1 5.778253E-08 -1.604107E-08 0.1109275 0.9938285  
															<TransformMatrix>: 0.9753903 0.2204858 4.47035E-08 0 -0.2204858 0.9753901 1.112931E-07 0 -1.906481E-08 -1.184106E-07 1 0 -0.2757521 0 0 1  
															<Children>: 1
																<Frame>: 19 0 Bip001_L_Hand
																	<Transform>: -0.2034445 -7.266999E-09 2.906799E-08 281.2884 206.1886 153.138 1 1 1 -0.7658903 -0.03519331 0.02692273 0.6414427  
																	<TransformMatrix>: 0.9960733 0.08844721 0.003909272 0 0.01936966 -0.1746257 -0.9844446 0 -0.08638869 0.9806544 -0.1756531 0 -0.2034445 -7.266999E-09 2.906799E-08 1  
																	<Children>: 3
																		<Frame>: 20 0 Bip001_L_Finger0
																			<Transform>: -0.09127995 0 -7.266999E-09 357.0001 355.161 328.669 0.9999999 0.9999999 0.9999998 -0.01378578 -0.04769531 -0.2707513 0.9613682  
																			<TransformMatrix>: 0.8488377 -0.5192683 0.09917054 0 0.5218984 0.8530073 -0.0006792899 0 -0.08424046 0.05233355 0.99507 0 -0.09127995 0 -7.266999E-09 1  
																			<Children>: 1
																				<Frame>: 21 0 Bip001_L_Finger0Nub
																					<Transform>: -0.06035329 1.4534E-08 7.266999E-09 8.537735E-07 8.537735E-07 -1.707547E-06 1 1 1 7.45058E-09 7.45058E-09 -1.490116E-08 1  
																					<TransformMatrix>: 1 -2.980232E-08 -1.490116E-08 0 2.980232E-08 1 1.490116E-08 0 1.490116E-08 -1.490116E-08 1 0 -0.06035329 1.4534E-08 7.266999E-09 1  
																					<Children>: 0
																				</Frame>
																		</Frame>
																		<Frame>: 22 0 Bone_Bow_A
																			<Transform>: -0.0818403 0.01623814 -0.008494481 74.03888 1.692755 265.2938 1 0.9999999 0.9999999 0.3991808 0.4508019 -0.5932415 0.5343192  
																			<TransformMatrix>: -0.1103156 -0.2740577 -0.9553653 0 0.9938633 -0.02256143 -0.1082888 0 0.008123009 -0.9614484 0.2748648 0 -0.0818403 0.01623814 -0.008494481 1  
																			<Children>: 3
																				<Frame>: 23 0 Bone_Bow_B
																					<Transform>: 0.1134479 -0.03917656 5.813599E-08 -1.966522E-05 -3.282299E-06 204.9999 1 0.9999999 1 9.178906E-09 1.737431E-07 0.9762961 -0.216439  
																					<TransformMatrix>: -0.9063083 -0.4226172 9.313224E-08 0 0.4226171 -0.9063082 3.35276E-07 0 -5.728692E-08 3.432228E-07 1 0 0.1134479 -0.03917656 5.813599E-08 1  
																					<Children>: 0
																				</Frame>
																				<Frame>: 24 0 Bone_Bow_C
																					<Transform>: -0.1144658 -0.0399389 0 -2.678567E-05 1.225486E-05 335 1 0.9999999 1 -2.513551E-07 5.381626E-08 -0.2164397 0.976296  
																					<TransformMatrix>: 0.9063078 -0.4226186 3.725277E-09 0 0.4226185 0.9063076 -5.140899E-07 0 2.138877E-07 4.674981E-07 1 0 -0.1144658 -0.0399389 0 1  
																					<Children>: 0
																				</Frame>
																				<Frame>: 25 0 Bone_Bow_D
																					<Transform>: 7.266999E-09 0.1306368 2.906799E-08 5.122641E-06 6.323261E-06 270 0.9999999 1 1 -7.408627E-09 7.062889E-08 -0.7071067 0.7071068  
																					<TransformMatrix>: 1.788139E-07 -0.9999999 -8.940696E-08 0 0.9999999 1.788139E-07 -1.103617E-07 0 1.103617E-07 -8.940695E-08 1 0 7.266999E-09 0.1306368 2.906799E-08 1  
																					<Children>: 0
																				</Frame>
																		</Frame>
																		<Frame>: 26 0 Bone_shield_grip
																			<Transform>: -0.07945986 0.02255984 -0.03655411 270.9643 186.211 265.1986 1 1 1 -0.4983861 0.5098788 0.5023103 0.4892027  
																			<TransformMatrix>: -0.02458418 -0.01676986 -0.9995574 0 -0.9996964 -0.001408697 0.02461121 0 -0.001820713 0.9998584 -0.01673019 0 -0.07945986 0.02255984 -0.03655411 1  
																			<Children>: 1
																				<Frame>: 27 0 Bone_shield
																					<Transform>: 0.01279294 0.01228786 -0.04653181 339.7364 169.773 195.9665 0.9999998 0.9999999 0.9999999 0.9731631 -0.1206467 0.06255481 -0.1857009  
																					<TransformMatrix>: 0.9630623 -0.2580507 0.07694368 0 -0.2115848 -0.9019191 -0.3765285 0 0.1665604 0.3463404 -0.9232041 0 0.01279294 0.01228786 -0.04653181 1  
																					<Children>: 0
																				</Frame>
																		</Frame>
																</Frame>
														</Frame>
												</Frame>
												<Frame>: 28 0 Bone_pauldron_L
													<Transform>: -0.07326144 0.01042014 0.03259185 89.69675 100.1812 104.9991 1 1 1 0.7068865 -0.02789872 0.03154394 0.7060723  
													<TransformMatrix>: 0.9964534 0.005102162 0.08399301 0 -0.08398706 -0.001366973 0.9964659 0 0.005198952 -0.9999861 -0.0009336473 0 -0.07326144 0.01042014 0.03259185 1  
													<Children>: 0
												</Frame>
										</Frame>
										<Frame>: 29 0 Bip001_Neck
											<Transform>: -0.2138268 -0.02877443 -4.048339E-08 2.915897E-06 3.030284E-05 349.0072 1 1 1 -4.732614E-14 2.656636E-07 -0.09578295 0.9954023  
											<TransformMatrix>: 0.9816512 -0.1906851 -5.288844E-07 0 0.1906851 0.9816512 -5.089219E-08 0 5.288844E-07 -5.0892E-08 1 0 -0.2138268 -0.02877443 -4.048339E-08 1  
											<Children>: 1
												<Frame>: 30 0 Bip001_Head
													<Transform>: -0.08782569 0.01471835 2.105645E-08 2.940084E-06 -3.042705E-05 11.03847 1 1 1 -1.497709E-13 -2.667628E-07 0.09617992 0.995364  
													<TransformMatrix>: 0.9814988 0.1914681 5.31052E-07 0 -0.1914681 0.9814988 -5.131474E-08 0 -5.310521E-07 -5.131415E-08 1 0 -0.08782569 0.01471835 2.105645E-08 1  
													<Children>: 2
														<Frame>: 31 0 Bip001_HeadNub
															<Transform>: -0.1545937 0 -8.662937E-16 -4.718268E-18 -3.882513E-19 0 1 0.9999999 0.9999999 -4.117466E-20 -3.388132E-21 -1.395049E-40 1  
															<TransformMatrix>: 1 0 6.776264E-21 0 5.580195E-40 0.9999999 -8.234931E-20 0 -6.776263E-21 8.234931E-20 0.9999999 0 -0.1545937 0 -8.662937E-16 1  
															<Children>: 0
														</Frame>
														<Frame>: 32 0 Bone_jaw
															<Transform>: -0.02186041 0.03030671 1.16272E-07 -4.757704E-05 180 305.0952 1 1 1 -0.4610118 0.887394 3.190149E-07 2.865352E-07  
															<TransformMatrix>: -0.5749363 -0.8181981 -8.026786E-07 0 -0.8181981 0.5749363 3.019917E-07 0 2.144E-07 8.303761E-07 -1 0 -0.02186041 0.03030671 1.16272E-07 1  
															<Children>: 0
														</Frame>
												</Frame>
										</Frame>
										<Frame>: 33 0 Bip001_R_Clavicle
											<Transform>: -0.1898626 9.628773E-08 -0.03730168 359.9016 79.81811 179.7104 1 1 1 0.6415669 0.002279819 0.7670624 0.001387763  
											<TransformMatrix>: -0.1767799 0.005054316 0.9842374 0 0.0007963113 -0.9999857 0.005278214 0 0.9842501 0.001716842 0.1767734 0 -0.1898626 9.628773E-08 -0.03730168 1  
											<Children>: 2
												<Frame>: 34 0 Bip001_R_UpperArm
													<Transform>: -0.1082689 -9.083748E-10 -1.16272E-07 323.4758 69.59142 355.98 1 1 0.9999999 -0.2761805 0.5325511 0.1513603 0.7856232  
													<TransformMatrix>: 0.3869589 -0.05633613 -0.9203744 0 -0.5319847 0.8016288 -0.2727334 0 0.7531634 0.5951616 0.2802275 0 -0.1082689 -9.083748E-10 -1.16272E-07 1  
													<Children>: 1
														<Frame>: 35 0 Bip001_R_Forearm
															<Transform>: -0.2757522 0 0 -3.265135E-06 1.01255E-06 12.73757 1 0.9999999 1 -2.733766E-08 1.194237E-08 0.1109275 0.9938285  
															<TransformMatrix>: 0.9753904 0.2204858 -2.980233E-08 0 -0.2204858 0.9753901 -5.168841E-08 0 1.767233E-08 5.698736E-08 1 0 -0.2757522 0 0 1  
															<Children>: 1
																<Frame>: 36 0 Bip001_R_Hand
																	<Transform>: -0.2034445 -2.1801E-08 2.906799E-08 78.7116 153.8114 153.138 1 1 1 0.7658903 0.03519331 0.02692272 0.6414426  
																	<TransformMatrix>: 0.9960733 0.08844721 -0.003909275 0 0.01936967 -0.1746257 0.9844444 0 0.08638868 -0.9806543 -0.1756531 0 -0.2034445 -2.1801E-08 2.906799E-08 1  
																	<Children>: 2
																		<Frame>: 37 0 Bip001_R_Finger0
																			<Transform>: -0.09128001 0 0 2.999861 4.838997 328.669 1 0.9999999 1 0.01378577 0.04769531 -0.2707513 0.9613682  
																			<TransformMatrix>: 0.8488378 -0.5192683 -0.09917054 0 0.5218984 0.8530073 0.000679275 0 0.08424047 -0.05233354 0.9950702 0 -0.09128001 0 0 1  
																			<Children>: 1
																				<Frame>: 38 0 Bip001_R_Finger0Nub
																					<Transform>: -0.06035324 2.906799E-08 0 -8.537737E-07 2.544444E-14 180 -1 -1 -1 1.110223E-16 7.450581E-09 1 1.490116E-08  
																					<TransformMatrix>: 1 -2.980232E-08 0 0 2.980232E-08 1 -1.490116E-08 0 -4.440892E-16 -1.490116E-08 -1 0 -0.06035324 2.906799E-08 0 1  
																					<Children>: 0
																				</Frame>
																		</Frame>
																		<Frame>: 39 0 Bone_weapon_grip
																			<Transform>: -0.07944992 0.01716541 0.0364633 89.03571 173.7877 265.1972 1 1 1 -0.4983868 0.5098793 -0.5023099 -0.4892019  
																			<TransformMatrix>: -0.02458418 -0.01677239 0.9995571 0 -0.9996963 -0.001409292 -0.02461124 0 0.001821369 -0.9998586 -0.0167327 0 -0.07944992 0.01716541 0.0364633 1  
																			<Children>: 2
																				<Frame>: 40 0 Bone_Arrow
																					<Transform>: -0.01430469 0.05773276 0.00294921 9.678223 244.1498 272.5126 0.9999999 0.9999998 0.9999999 0.6161638 -0.5790074 -0.3142203 0.4316924  
																					<TransformMatrix>: 0.1320321 -0.9848198 0.1126839 0 -0.4422336 0.04321556 0.895858 0 -0.8871285 -0.1681147 -0.4298147 0 -0.01430469 0.05773276 0.00294921 1  
																					<Children>: 0
																				</Frame>
																				<Frame>: 41 0 shortSword
																					<Transform>: -0.006173105 -0.005294735 -4.688667E-05 0.1062419 89.99994 270.5036 1 0.9999999 1 -0.4973319 0.5026534 -0.4982636 0.5017309  
																					<TransformMatrix>: -0.001854181 -0.9999597 -0.008788735 0 1.737475E-05 0.008788704 -0.9999613 0 0.9999983 -0.001854271 1.072884E-06 0 -0.006173105 -0.005294735 -4.688667E-05 1  
																					<Mesh>: 112 shortSword
																						<Bounds>: 0 0 0.2370704 0.09522314 0.01396521 0.4120052
																						<Positions>: 112 0.04554338 -0.007317541 0.0429814 0.09522314 -0.003519509 0.03455079 0.09009439 -0.003519509 0.05235656 0.04932478 -0.005149657 0.02035805 -1.16272E-07 -0.01396521 0.01326471 -1.16272E-07 -0.01396521 0.04718292 -0.04554338 -0.007317541 0.0429814 -0.04932478 -0.005149657 0.02035805 -0.09522314 -0.003519509 0.03455079 -0.09009416 -0.003519509 0.05235656 0.09522314 0.003519502 0.03455079 0.04554338 0.007317526 0.0429814 0.09009439 0.003519495 0.05235656 0.04932478 0.005149657 0.02035805 -1.16272E-07 0.01396521 0.01326471 -1.16272E-07 0.0139652 0.04718292 -0.04554338 0.007317526 0.0429814 -0.04932478 0.005149657 0.02035805 -0.09522314 0.003519502 0.03455079 -0.09009416 0.003519495 0.05235656 0.04932478 -0.005149657 0.02035805 0.09522314 0.003519502 0.03455079 0.09522314 -0.003519509 0.03455079 0.04932478 0.005149657 0.02035805 -1.16272E-07 -0.01396521 0.01326471 -1.16272E-07 0.01396521 0.01326471 -0.04932478 -0.005149657 0.02035805 -0.04932478 0.005149657 0.02035805 -0.09522314 -0.003519509 0.03455079 -0.09522314 0.003519502 0.03455079 0.04554338 0.007317526 0.0429814 0.09009439 -0.003519509 0.05235656 0.09009439 0.003519495 0.05235656 0.04554338 -0.007317541 0.0429814 -1.16272E-07 0.0139652 0.04718292 -1.16272E-07 -0.01396521 0.04718292 -0.04554338 0.007317526 0.0429814 -0.04554338 -0.007317541 0.0429814 -0.09009416 0.003519495 0.05235656 -0.09009416 -0.003519509 0.05235656 0.09009439 0.003519495 0.05235656 0.09522314 -0.003519509 0.03455079 0.09522314 0.003519502 0.03455079 0.09009439 -0.003519509 0.05235656 -0.09522314 0.003519502 0.03455079 -0.09009416 -0.003519509 0.05235656 -0.09009416 0.003519495 0.05235656 -0.09522314 -0.003519509 0.03455079 -0.0007203049 -0.008702122 -0.1749347 -0.03869357 -0.004216276 -0.1380737 -0.04223057 -0.004216473 -0.1581661 -0.0007203049 -0.01154572 -0.1405473 0.04095692 -0.004216473 -0.1391064 0.04431811 -0.004216473 -0.1573074 -0.03869357 0.004216327 -0.1380737 -0.0007203049 0.00870218 -0.1749347 -0.04223057 0.004216327 -0.1581661 -0.0007203049 0.01154576 -0.1405473 0.04095692 0.004216327 -0.1391064 0.04431811 0.004216327 -0.1573074 -0.0007203049 0.00870218 -0.1749347 -0.04223057 -0.004216473 -0.1581661 -0.04223057 0.004216327 -0.1581661 -0.0007203049 -0.008702122 -0.1749347 0.04431811 0.004216327 -0.1573074 0.04431811 -0.004216473 -0.1573074 -0.04223057 0.004216327 -0.1581661 -0.03869357 -0.004216276 -0.1380737 -0.03869357 0.004216327 -0.1380737 -0.04223057 -0.004216473 -0.1581661 -0.0007203049 -0.01154572 -0.1405473 -0.03869357 0.004216327 -0.1380737 -0.03869357 -0.004216276 -0.1380737 -0.0007203049 0.01154576 -0.1405473 0.04095692 -0.004216473 -0.1391064 0.04095692 0.004216327 -0.1391064 0.04095692 0.004216327 -0.1391064 0.04431811 -0.004216473 -0.1573074 0.04431811 0.004216327 -0.1573074 0.04095692 -0.004216473 -0.1391064 -0.0003654428 -0.01220682 0.02227147 0.01353255 2.1801E-08 -0.1433406 0.02055468 0 0.02227147 -0.0003654428 0.01220701 0.02227149 -0.0003654428 -0.009712969 -0.1433406 -0.0003654428 0.009713012 -0.1433406 -0.02128556 0 0.02227147 -0.0142632 2.1801E-08 -0.1433406 0.0001247598 -0.003536194 0.5949478 0.03346156 0.00062728 0.1841435 0.02212644 0.0006274181 0.5431604 0.01190218 0.0006274108 0.6152585 0.0001247598 0.0006274036 0.6490756 -0.01165243 0.0006274108 0.6152585 -0.02187669 0.0006274181 0.5431604 -0.03321181 0.00062728 0.1841435 0.0001247598 -0.005612281 0.2890785 0.03668323 0.0006273091 0.03805371 -0.03643348 0.0006273091 0.03805371 0.0001247598 -0.007237124 0.04123015 0.0001247598 0.006867205 0.2890785 0.03668323 0.0006273091 0.03805371 0.0001247598 0.008491931 0.04123015 -0.03643348 0.0006273091 0.03805371 0.03346156 0.00062728 0.1841435 0.0001247598 0.004791016 0.5949478 -0.03321181 0.00062728 0.1841435 0.02212644 0.0006274181 0.5431604 -0.02187669 0.0006274181 0.5431604 0.01190218 0.0006274108 0.6152585 -0.01165243 0.0006274108 0.6152585 0.0001247598 0.0006274036 0.6490756  
																						<Colors>: 0  
																						<TextureCoords0>: 112 0.6115268 0.2222233 0.591414 0.2262172 0.5934904 0.2177817 0.6099958 0.2329409 0.6299649 0.2363014 0.6299649 0.2202328 0.6484031 0.2222233 0.6499341 0.2329411 0.6685159 0.2262172 0.6664395 0.2177818 0.591414 0.2262172 0.6115268 0.2222233 0.5934904 0.2177817 0.6099958 0.2329409 0.6299649 0.2363014 0.6299649 0.2202328 0.6484031 0.2222233 0.6499341 0.2329411 0.6685159 0.2262172 0.6664395 0.2177818 0.6165867 0.2063065 0.5994049 0.2104118 0.5994049 0.2070785 0.6165867 0.2111838 0.6350512 0.2021319 0.6350512 0.2153584 0.6535156 0.2063065 0.6535156 0.2111838 0.6706976 0.2070785 0.6706976 0.2104118 0.6180022 0.1969212 0.6013248 0.1917893 0.6013248 0.1951227 0.6180022 0.1899908 0.6350512 0.2000694 0.6350512 0.1868426 0.6521001 0.1969212 0.6521001 0.1899908 0.6687777 0.1951226 0.6687777 0.1917893 0.6013248 0.1951227 0.5954109 0.1917893 0.5954109 0.1951227 0.6013248 0.1917893 0.6745987 0.1951226 0.6687777 0.1917893 0.6687777 0.1951226 0.6745987 0.1917893 0.5666338 0.2130495 0.584108 0.1956795 0.5857359 0.2051477 0.5666338 0.1968452 0.5474547 0.1961662 0.5459079 0.2047429 0.584108 0.1956795 0.5666338 0.2130495 0.5857359 0.2051477 0.5666338 0.1968452 0.5474547 0.1961662 0.5459079 0.2047429 0.5668879 0.2365699 0.5859899 0.2304821 0.5859899 0.234456 0.5668877 0.2283683 0.5461622 0.234456 0.5461622 0.2304821 0.5857917 0.2051967 0.5892686 0.1945527 0.5841553 0.195652 0.5909971 0.2033415 0.5667617 0.2154745 0.584236 0.2229021 0.584236 0.2189282 0.5667617 0.2263557 0.5475826 0.2189282 0.5475826 0.2229021 0.5421796 0.1947898 0.5459079 0.2047429 0.5399503 0.2023815 0.5474547 0.1961662 0.5188544 0.173521 0.5113705 0.2374614 0.5075891 0.173521 0.5188544 0.173521 0.5188542 0.2374614 0.5188542 0.2374614 0.5301196 0.173521 0.526338 0.2374614 0.7665914 0.1675336 0.6122071 0.1523418 0.7471292 0.1575075 0.7742243 0.1621665 0.7869331 0.1675336 0.7742243 0.1729006 0.7471292 0.1775597 0.6122071 0.182725 0.6516426 0.1675334 0.5573053 0.1508737 0.5573053 0.1841931 0.558499 0.1675334 0.6516426 0.1675334 0.5573053 0.1508737 0.558499 0.1675334 0.5573053 0.1841931 0.6122071 0.1523418 0.7665914 0.1675336 0.6122071 0.182725 0.7471292 0.1575075 0.7471292 0.1775597 0.7742243 0.1621665 0.7742243 0.1729006 0.7869331 0.1675336  
																						<TextureCoords1>: 0  
																						<Normals>: 112 0.1217387 -0.9913251 -0.04954091 0.07474558 -0.9971641 -0.008767791 0.08009946 -0.9965198 0.02307177 0.1251312 -0.9893847 -0.07389266 -3.850118E-07 -0.9998119 -0.0193929 -3.561835E-07 -1 0 -0.1217392 -0.991325 -0.04954067 -0.1251316 -0.9893846 -0.07389257 -0.07474566 -0.9971641 -0.008767258 -0.08009966 -0.9965198 0.02307287 0.07474551 0.9971641 -0.008767334 0.1217387 0.9913251 -0.04954036 0.08009939 0.9965198 0.02307215 0.1251312 0.9893847 -0.07389204 -3.823748E-07 0.9998119 -0.01939241 -3.510952E-07 1 4.285013E-07 -0.1217391 0.9913251 -0.04954012 -0.1251316 0.9893847 -0.07389195 -0.0747456 0.9971641 -0.008766804 -0.08009958 0.9965198 0.02307325 0.2146677 0 -0.9766872 0.2954198 0 -0.9553676 0.2954198 0 -0.9553676 0.2146677 0 -0.9766872 -3.128024E-07 0 -1 -2.912298E-07 0 -1 -0.214668 0 -0.9766871 -0.214668 0 -0.9766871 -0.2954198 0 -0.9553676 -0.2954198 0 -0.9553676 -0.04697485 0 0.998896 -0.2059262 0 0.9785674 -0.2059263 0 0.9785674 -0.04697481 0 0.998896 -2.203027E-07 0 1 -1.960432E-07 0 1 0.04697501 0 0.998896 0.04697502 0 0.998896 0.2059273 0 0.9785674 0.2059273 0 0.9785674 0.9609317 0 0.2767858 0.9609317 0 0.2767858 0.9609317 0 0.2767858 0.9609317 0 0.2767858 -0.9609283 0 0.2767973 -0.9609283 0 0.2767973 -0.9609283 0 0.2767973 -0.9609283 0 0.2767973 -0.005267196 -0.9986151 -0.05234673 -0.1399551 -0.9898738 -0.02371423 -0.1003581 -0.9947943 0.01767638 -0.01113697 -0.9965366 -0.08240647 0.1252676 -0.9918893 -0.02153431 0.09247118 -0.9955689 0.01707673 -0.1399597 0.9898731 -0.02371884 -0.005266268 0.998615 -0.05234766 -0.1003662 0.9947936 0.0176681 -0.01113473 0.9965366 -0.08240606 0.1252718 0.9918887 -0.02153365 0.09247535 0.9955686 0.0170775 -0.004435285 0 -0.9999902 -0.3745566 0 -0.9272041 -0.3745566 0 -0.9272041 -0.004435384 0 -0.9999902 0.3644644 0 -0.9312174 0.3644644 0 -0.9312174 -0.9848567 0 0.1733705 -0.9848567 0 0.1733705 -0.9848567 0 0.1733705 -0.9848567 0 0.1733705 0.01495162 0 0.9998882 0.06500201 0 0.9978852 0.06500201 0 0.9978852 0.0149517 0 0.9998882 -0.03455151 0 0.9994029 -0.03455151 0 0.9994029 0.9833725 0 0.1816002 0.9833725 0 0.1816002 0.9833725 0 0.1816002 0.9833725 0 0.1816002 0.002627897 -0.9998047 -0.01958798 0.9997303 0 -0.02322427 0.9991024 -3.004413E-06 -0.04236303 0.002627797 0.9998047 -0.0195885 0.003813705 -0.9997582 -0.02165468 0.003813452 0.9997582 -0.02165504 -0.9996345 -3.149848E-06 -0.02703424 -0.9991022 0 -0.04236442 -2.060999E-06 -0.9991165 0.04202742 0.1977418 -0.9802436 0.004549419 0.2068368 -0.978332 0.009217734 0.2286235 -0.971239 0.06652977 0 -0.9970546 0.07669513 -0.2286273 -0.971238 0.06652994 -0.2068391 -0.9783316 0.009217814 -0.1977432 -0.9802433 0.004549447 -6.880235E-07 -0.9999779 0.006652008 0.2096719 -0.9777519 0.006232493 -0.2096731 -0.9777517 0.006232494 -6.819448E-07 -0.9999785 0.006555653 -6.783347E-07 0.9999779 0.006652322 0.2096773 0.9777508 0.006232124 -6.819455E-07 0.9999785 0.006555184 -0.2096786 0.9777504 0.006232124 0.1977538 0.9802412 0.004550031 -2.0795E-06 0.9991165 0.04202751 -0.1977552 0.9802408 0.004550058 0.2068345 0.9783325 0.009216989 -0.2068368 0.978332 0.009217068 0.2286231 0.971239 0.06653 -0.2286269 0.9712381 0.0665302 0 0.9970546 0.07669539  
																						<Tangents>: 112 -0.9925427 -0.1218972 0.0001787465 -0.9972024 -0.0747484 -6.877061E-06 -0.9967852 -0.08012071 3.489306E-06 -0.9920959 -0.1254817 0.000102176 -1 3.618649E-07 1.197085E-06 -1 3.561835E-07 1.792057E-08 -0.9925427 0.1218975 -0.0001763889 -0.9920959 0.1254819 -9.846461E-05 -0.9972024 0.07474848 6.66948E-06 -0.9967852 0.08012094 -2.232866E-06 -0.9972025 0.07474833 -6.876592E-06 -0.9925427 0.1218972 0.0001787359 -0.9967852 0.08012064 3.489549E-06 -0.9920959 0.1254817 0.0001021738 -1 -3.597555E-07 1.169888E-06 -1 -3.510952E-07 -1.791143E-08 -0.9925427 -0.1218975 -0.0001763967 -0.9920959 -0.1254818 -9.846353E-05 -0.9972024 -0.07474842 6.669079E-06 -0.9967852 -0.08012086 -2.233108E-06 -0.9766871 -3.599106E-06 -0.2146677 -0.9553676 8.638438E-07 -0.2954198 -0.9553676 1.212595E-06 -0.2954198 -0.9766871 -5.940822E-07 -0.2146677 -1 2.378165E-06 3.128024E-07 -1 2.493473E-06 2.912298E-07 -0.9766871 -2.298559E-06 0.214668 -0.9766871 -5.07961E-06 0.214668 -0.9553676 7.08761E-07 0.2954198 -0.9553676 1.057512E-06 0.2954198 -0.9988961 -2.924454E-06 -0.04697485 -0.9785675 2.626645E-06 -0.2059262 -0.9785675 3.80024E-06 -0.2059262 -0.9988961 -7.682391E-07 -0.04697481 -1 2.421444E-06 -2.203027E-07 -1 2.423529E-06 -1.960432E-07 -0.9988961 3.223664E-07 0.04697501 -0.9988961 -1.781501E-06 0.04697502 -0.9785673 2.653864E-06 0.2059274 -0.9785673 2.47945E-06 0.2059273 -0.2767855 9.502891E-06 0.9609317 -0.2767857 -2.994975E-07 0.9609317 -0.2767857 -3.895233E-07 0.9609317 -0.2767854 7.613322E-06 0.9609318 -0.2767973 9.00253E-08 -0.9609283 -0.2767976 6.278728E-06 -0.9609283 -0.2767977 7.786615E-06 -0.9609282 -0.2767974 0 -0.9609283 -0.9999861 0.005254426 0.0003815898 -0.9901515 0.1399995 -0.0002137035 -0.9949498 0.1003739 6.201977E-06 -0.999938 0.0111156 0.0007180698 -0.9900946 -0.1263693 0.06118422 -0.9901794 -0.09013757 0.1068641 -0.988373 -0.1411048 -0.05664105 -0.9999861 -0.005253493 0.0003816234 -0.9916397 -0.09856904 -0.08327526 -0.999938 -0.01111335 0.0007180748 -0.9921182 0.1253057 0.0002233699 -0.9957137 0.09248869 8.212275E-06 -0.9999902 1.305826E-06 0.004435289 -0.9272041 -7.375755E-07 0.3745566 -0.9272041 -2.379975E-06 0.3745566 -0.9999902 1.353357E-06 0.004435385 -0.9312173 -1.772609E-06 -0.3644644 -0.9312173 -3.211815E-06 -0.3644644 -0.1135023 -0.755906 -0.6447662 -0.05460382 -0.9491068 -0.310185 -0.09491857 -0.8368125 -0.5391988 -0.07885136 -0.8905864 -0.4479267 -0.9998882 -3.65078E-06 0.01495162 -0.9978851 4.397704E-06 0.06500201 -0.9978851 2.012015E-05 0.06500201 -0.9998882 -4.180549E-06 0.01495171 -0.9994029 5.240197E-06 -0.03455151 -0.9994029 1.408446E-05 -0.03455151 -0.0728223 -0.9160765 0.3943357 -0.129795 -0.6993994 0.7028469 -0.1023936 -0.8258836 0.5544653 -0.1119444 -0.7874059 0.6061851 -0.9999965 -0.002625609 -0.0001425193 -0.02322352 2.219596E-05 -0.9997303 -0.04235973 1.191546E-05 -0.9991024 -0.9999965 0.002625509 -0.0001425492 -0.9999927 -0.003807994 -0.0003049075 -0.9999927 0.003807739 -0.0003049685 -0.02703452 -7.014886E-06 0.9996345 -0.04236396 -9.28844E-07 0.9991022 6.798805E-07 0.04202742 0.9991165 -0.0008992995 0.004459649 0.9999896 -0.001905025 0.00901873 0.9999575 -0.01524562 0.06475942 0.9977844 0 0.07669513 0.9970546 0.01524576 0.06475955 0.9977844 0.001907631 0.009018261 0.9999575 0.0008991116 0.004459715 0.9999896 1.186299E-06 0.006652007 0.9999779 -0.001306752 0.006093961 0.9999806 0.001306727 0.006093969 0.9999806 1.075153E-16 0.006555653 0.9999785 1.186299E-06 -0.006652322 0.9999779 -0.001306795 -0.006093575 0.9999806 -3.236494E-16 -0.006555184 0.9999785 0.001306769 -0.00609358 0.9999806 -0.0008993594 -0.004460262 0.9999896 6.802182E-07 -0.04202751 0.9991165 0.0008991712 -0.004460327 0.9999896 -0.001905019 -0.00901797 0.9999575 0.001907625 -0.009017499 0.9999575 -0.0152456 -0.06475966 0.9977844 0.01524574 -0.06475982 0.9977844 0 -0.07669539 0.9970546  
																						<BiTangents>: 112 0.006216094 -0.04914971 0.9987721 0.0006485208 -0.008743777 0.9999616 -0.001845049 0.02299787 0.9997338 0.009373271 -0.07329582 0.9972662 1.189843E-06 -0.0193929 0.9998119 1.792057E-08 -6.383013E-15 1 -0.006213743 -0.04914976 0.9987721 -0.009369601 -0.0732962 0.9972662 -0.0006486886 -0.008743229 0.9999616 0.001846395 0.02299888 0.9997338 0.0006484865 0.008743321 0.9999616 0.006216013 0.04914916 0.9987721 -0.001845078 -0.02299826 0.9997338 0.009373188 0.07329521 0.9972662 1.162691E-06 0.01939241 0.9998119 -1.791128E-08 -4.285013E-07 1 -0.00621368 0.0491492 0.9987721 -0.009369517 0.07329558 0.9972662 -0.0006486546 0.008742778 0.9999616 0.001846424 -0.02299926 0.9997338 3.515201E-06 -1 7.726119E-07 -8.252883E-07 -1 -2.551965E-07 -1.158474E-06 -1 -3.582245E-07 5.802325E-07 -1 1.275303E-07 -2.378165E-06 -1 7.438958E-13 -2.493473E-06 -1 7.261736E-13 2.244973E-06 -1 -4.934271E-07 4.961189E-06 -1 -1.09043E-06 -6.771273E-07 -1 2.09382E-07 -1.010313E-06 -1 3.1241E-07 2.921225E-06 -1 1.373758E-07 -2.57035E-06 -1 -5.408951E-07 -3.718791E-06 -1 -7.825693E-07 7.67391E-07 -1 3.608789E-08 -2.421444E-06 -1 -5.334507E-13 -2.423529E-06 -1 -4.751164E-13 -3.220105E-07 -1 1.514317E-08 1.779535E-06 -1 -8.368607E-08 -2.596985E-06 -1 5.465031E-07 -2.426309E-06 -1 5.105864E-07 -2.630265E-06 -1 9.13163E-06 8.289663E-08 -1 -2.877966E-07 1.078145E-07 -1 -3.743053E-07 -2.107259E-06 -1 7.315882E-06 -2.491876E-08 -1 -8.650786E-08 -1.737935E-06 -1 -6.033407E-06 -2.155314E-06 -1 -7.482379E-06 0 -1 0 0.0001060093 -0.052348 0.9986289 -0.00353152 -0.02345078 0.9997187 0.001780416 0.01758649 0.9998438 -0.0002004147 -0.08240935 0.9965986 0.06340925 -0.0136566 0.9978941 0.1048513 0.02679088 0.994127 -0.05941429 0.0155156 0.9981128 0.0001060867 0.05234895 0.9986289 -0.08110017 -0.02587842 0.99637 -0.0002002196 0.08240895 0.9965986 0.002919846 0.02133594 0.9997681 -0.0015713 -0.01700506 0.9998542 -1.305813E-06 -1 5.79171E-09 6.83883E-07 -1 -2.762637E-07 2.206723E-06 -1 -8.914354E-07 -1.353344E-06 -1 6.002659E-09 1.650684E-06 -1 6.460527E-07 2.990898E-06 -1 1.170592E-06 0.1310518 -0.6546802 0.744459 0.1645471 -0.3149544 0.9347342 0.1450786 -0.5474896 0.8241404 0.1544014 -0.4548141 0.8771 3.650372E-06 -1 -5.458507E-08 -4.388404E-06 -1 2.858596E-07 -2.00776E-05 -1 1.30785E-06 4.180081E-06 -1 -6.250633E-08 -5.237068E-06 -1 -1.810567E-07 -1.407605E-05 -1 -4.866394E-07 -0.1663597 0.4010034 0.9008444 -0.1270111 0.7147311 0.6877701 -0.1499806 0.5638406 0.8121513 -0.1429931 0.6164349 0.7743133 -9.106105E-05 -0.01958829 0.9998081 5.154851E-07 1 2.218998E-05 3.506491E-06 1 1.17775E-05 -9.109153E-05 0.01958881 0.9998081 -0.0002223729 -0.02165569 0.9997655 -0.0002224381 0.02165604 0.9997655 -3.338339E-06 1 6.927168E-06 -3.934994E-08 1 9.280101E-07 1 -2.087752E-06 -5.926613E-07 0.9802538 0.1977439 -3.264618E-07 0.9783736 0.2068456 -1.658793E-06 0.9733955 0.2291312 1.619587E-06 1 0 0 0.9733946 -0.229135 -1.458563E-06 0.9783731 -0.2068479 -9.662003E-07 0.9802535 -0.1977452 5.302599E-07 1 -6.958995E-07 -1.181696E-06 0.9777709 0.2096759 -5.235209E-08 0.9777707 -0.2096772 8.685599E-08 1 -6.819301E-07 4.470593E-09 1 6.862113E-07 -1.181761E-06 0.9777698 -0.2096814 3.551203E-08 1 6.819309E-07 4.470278E-09 0.9777695 0.2096827 -3.626381E-10 0.9802513 -0.1977558 -4.444417E-07 1 2.10625E-06 -5.922211E-07 0.980251 0.1977572 6.483701E-07 0.9783741 -0.2068433 -1.485543E-06 0.9783736 0.2068456 -1.13959E-06 0.9733956 -0.2291308 1.565807E-06 0.9733948 0.2291347 -1.406901E-06 1 0 0  
																						<SubMeshes>: 1
																							<SubMesh>: 0 264 0 1 2 1 0 3 0 4 3 4 0 5 6 4 5 4 6 7 6 8 7 8 6 9 10 11 12 11 10 13 14 11 13 11 14 15 14 16 15 16 14 17 18 16 17 16 18 19 20 21 22 21 20 23 24 23 20 23 24 25 26 25 24 25 26 27 28 27 26 27 28 29 30 31 32 31 30 33 34 33 30 33 34 35 36 35 34 35 36 37 38 37 36 37 38 39 40 41 42 41 40 43 44 45 46 45 44 47 48 49 50 49 48 51 48 52 51 52 48 53 54 55 56 55 54 57 58 55 57 55 58 59 60 61 62 61 60 63 64 63 60 63 64 65 66 67 68 67 66 69 70 71 72 71 70 73 74 73 70 73 74 75 76 77 78 77 76 79 80 81 82 81 83 82 81 80 84 83 81 85 86 84 80 85 86 83 84 86 87 86 85 87 88 89 90 90 91 88 88 91 92 88 92 93 94 88 93 95 88 94 89 88 96 88 95 96 96 97 89 98 96 95 97 96 99 96 98 99 100 101 102 103 100 102 101 100 104 105 104 100 100 103 106 106 105 100 104 105 107 105 106 108 109 107 105 105 108 110 109 105 111 111 105 110  
																					</Mesh>
																					<Materials>: 1
																						<Material>: 0
																							<AlbedoColor>: 1 1 1 1
																							<SpecularColor>: 1 1 1 1
																							<AlbedoMap>: DS_equipment_standard
																					</Materials>
																					<Children>: 0
																				</Frame>
																		</Frame>
																</Frame>
														</Frame>
												</Frame>
												<Frame>: 42 0 Bone_pauldron_R
													<Transform>: -0.07325455 0.01042048 -0.03259103 89.69675 79.81863 75.00049 1 1 1 0.7060725 0.03154318 -0.02789965 0.7068863  
													<TransformMatrix>: 0.9964533 0.005099785 -0.08399324 0 0.08398732 0.001366496 0.996466 0 0.00519653 -0.999986 0.0009332895 0 -0.07325455 0.01042048 -0.03259103 1  
													<Children>: 0
												</Frame>
										</Frame>
								</Frame>
						</Frame>
						<Frame>: 43 0 Bone_waistB_1
							<Transform>: 0.01868927 -0.06938228 2.32544E-07 0.0001748357 180.0001 359.3259 1 1 1 -0.005882229 0.9999827 -1.521858E-06 -6.626038E-07  
							<TransformMatrix>: -0.9999309 -0.01176426 1.343089E-06 0 -0.01176426 0.9999308 -3.035869E-06 0 -1.307281E-06 -3.051459E-06 -1 0 0.01868927 -0.06938228 2.32544E-07 1  
							<Children>: 1
								<Frame>: 44 0 Bone_waistB_2
									<Transform>: -0.1212352 -2.1801E-08 -4.533835E-11 -1.228514E-12 3.848986E-13 1.038954 1 1 1 -1.068991E-14 3.455936E-15 0.00906646 0.9999589  
									<TransformMatrix>: 0.9998356 0.01813217 -7.105428E-15 0 -0.01813217 0.9998356 -2.131628E-14 0 6.717749E-15 2.144162E-14 1 0 -0.1212352 -2.1801E-08 -4.533835E-11 1  
									<Children>: 0
								</Frame>
						</Frame>
						<Frame>: 45 0 Bone_waistF_1
							<Transform>: 0.03580421 0.08536592 -2.325438E-07 0.0001962542 180.0001 1.866933E-05 1 1 1 1.629195E-07 1 -1.712641E-06 -6.934001E-07  
							<TransformMatrix>: -1 3.258413E-07 1.3868E-06 0 3.258366E-07 1 -3.425283E-06 0 -1.386801E-06 -3.425282E-06 -1 0 0.03580421 0.08536592 -2.325438E-07 1  
							<Children>: 1
								<Frame>: 46 0 Bone_waistF_2
									<Transform>: -0.1312151 0 -3.673085E-13 -2.732341E-05 7.311888E-08 359.0344 1 1 1 -2.384386E-07 -1.371075E-09 -0.008426105 0.9999645  
									<TransformMatrix>: 0.999858 -0.01685161 6.760269E-09 0 0.01685161 0.999858 -4.768372E-07 0 1.276165E-09 4.768834E-07 1 0 -0.1312151 0 -3.673085E-13 1  
									<Children>: 0
								</Frame>
						</Frame>
				</Frame>
		</Frame>
		<Frame>: 47 0 skeleton_mesh
			<Transform>: 0 0 3.3362E-08 9.334668E-06 0 0 1 1 1 8.146034E-08 0 0 1  
			<TransformMatrix>: 1 0 0 0 0 1 1.629207E-07 0 0 -1.629207E-07 1 0 0 0 3.3362E-08 1  
			<SkinningInfo>:  skeleton_mesh
				<BonesPerVertex>: 4
				<Bounds>: 0.05528146 0.0380248 -2.533197E-07 0.7589987 0.1351522 0.2746446
				<BoneNames>: 24 Bip001_R_Forearm Bip001_R_UpperArm Bip001_Spine1 Bip001_Pelvis Bip001_Spine Bip001_R_Clavicle Bip001_Head Bip001_R_Hand Bip001_R_Thigh Bip001_R_Finger0 Bip001_R_Calf Bip001_L_Foot Bip001_R_Foot Bip001_R_Toe0 Bip001_L_Forearm Bip001_L_UpperArm Bip001_L_Clavicle Bip001_L_Hand Bip001_L_Thigh Bip001_L_Finger0 Bip001_L_Calf Bip001_L_Toe0 Bip001_Neck Bone_jaw  
