<Frame>: 0 0 wizard_weapon_legacy_DEMO
	<Transform>: 0.8046293 -0.01699996 0.4170351 0 0 0 0.2 0.2 0.2 0 0 0 1  
	<TransformMatrix>: 0.2 0 0 0 0 0.2 0 0 0 0 0.2 0 0.8046293 -0.01699996 0.4170351 1  
	<Children>: 4
		<Frame>: 1 0 Bip001
			<Transform>: 0 3.418824 8.817198E-09 270 89.99992 0 0.9999999 0.9999999 1 -0.5000004 0.4999996 0.4999996 0.5000004  
			<TransformMatrix>: 1.430511E-06 0 -0.9999999 0 -0.9999999 0 -1.430511E-06 0 0 1 0 0 0 3.418824 8.817198E-09 1  
			<Children>: 2
				<Frame>: 2 0 Bip001_Pelvis
					<Transform>: 0 0 0 270 90 0 1 0.9999999 0.9999999 -0.4999996 0.5000004 0.4999996 0.5000004  
					<TransformMatrix>: 0 0 -1 0 -0.9999999 1.430511E-06 0 0 1.430511E-06 0.9999999 0 0 0 0 0 1  
					<Children>: 10
						<Frame>: 3 0 Bip001_Spine
							<Transform>: -0.42113 -0.0004663654 5.8467E-07 -0.0002383469 8.235776E-05 358.9544 1 1 0.9999999 -2.086441E-06 6.996981E-07 -0.009124626 0.9999584  
							<TransformMatrix>: 0.9998335 -0.01824849 -1.361262E-06 0 0.01824849 0.9998335 -4.185476E-06 0 1.437414E-06 4.159938E-06 0.9999999 0 -0.42113 -0.0004663654 5.8467E-07 1  
							<Children>: 1
								<Frame>: 4 0 Bip001_Spine1
									<Transform>: -0.5860022 -0.0005913958 -1.640296E-09 2.420575E-08 2.773444E-06 359 1 1 1 2.108308E-14 2.420378E-08 -0.008726486 0.9999619  
									<TransformMatrix>: 0.9998478 -0.01745231 -4.840573E-08 0 0.01745231 0.9998478 -4.223858E-10 0 4.840572E-08 -4.224701E-10 1 0 -0.5860022 -0.0005913958 -1.640296E-09 1  
									<Children>: 1
										<Frame>: 5 0 Bip001_Neck
											<Transform>: -0.7820395 -0.1283008 1.552965E-08 6.943852E-06 4.646238E-05 343 1 1 1 9.286958E-14 4.099638E-07 -0.1478093 0.9890159  
											<TransformMatrix>: 0.956305 -0.2923715 -8.109216E-07 0 0.2923715 0.956305 -1.211927E-07 0 8.109214E-07 -1.211931E-07 1 0 -0.7820395 -0.1283008 1.552965E-08 1  
											<Children>: 3
												<Frame>: 6 0 Bip001_Head
													<Transform>: -0.3304842 -1.430512E-07 0 7.816986E-06 -4.922782E-05 18.04566 0.9999999 0.9999999 1 -3.425367E-13 -4.349761E-07 0.156828 0.987626  
													<TransformMatrix>: 0.9508099 0.3097747 8.591873E-07 0 -0.3097747 0.9508099 -1.364335E-07 0 -8.591875E-07 -1.364321E-07 1 0 -0.3304842 -1.430512E-07 0 1  
													<Children>: 1
														<Frame>: 7 0 Bip001_Ponytail1
															<Transform>: -0.6541214 -0.5134062 -2.109847E-06 1.382011 2.662996 152.5514 1 1 0.9999999 0.02543232 -0.006199955 0.9710491 0.2374415  
															<TransformMatrix>: -0.8859499 0.4608194 0.05233632 0 -0.4614501 -0.8871666 3.645197E-05 0 0.04644781 -0.02411829 0.9986294 0 -0.6541214 -0.5134062 -2.109847E-06 1  
															<Children>: 0
														</Frame>
												</Frame>
												<Frame>: 8 0 Bip001_L_Clavicle
													<Transform>: 0.1608049 0.1834658 0.0571794 17.04413 269.2238 179.7723 1 1 1 0.7038123 0.1054728 -0.6947547 0.1041135  
													<TransformMatrix>: 0.01238269 0.003799335 -0.9999163 0 0.2931328 -0.9560719 -2.652407E-06 0 -0.9559916 -0.2931082 -0.01295257 0 0.1608049 0.1834658 0.0571794 1  
													<Children>: 1
														<Frame>: 9 0 Bip001_L_UpperArm
															<Transform>: -0.6302506 0 0 3.222349 292.0574 336.6826 1 1 1 0.1357102 -0.5423207 -0.1521363 0.8150617  
															<TransformMatrix>: 0.3654855 -0.3951978 0.8427568 0 0.1008041 0.9168748 0.3862377 0 -0.9253427 -0.05621096 0.374942 0 -0.6302506 0 0 1  
															<Children>: 2
																<Frame>: 10 0 Bip001_L_Forearm
																	<Transform>: -1.015123 -1.430512E-07 0 -1.697527E-07 2.408863E-06 49.03098 1 0.9999999 1 7.374733E-09 1.974088E-08 0.4149392 0.9098492  
																	<TransformMatrix>: 0.655651 0.7550642 -2.980232E-08 0 -0.7550641 0.6556509 2.980232E-08 0 4.204259E-08 2.962743E-09 1 0 -1.015123 -1.430512E-07 0 1  
																	<Children>: 2
																		<Frame>: 11 0 Bip001_L_Hand
																			<Transform>: -0.9633794 0 -5.722046E-07 290.3382 1.304805 17.08535 0.9999999 1 1 -0.5633948 0.09408022 0.128356 0.8107157  
																			<TransformMatrix>: 0.9493472 0.1021119 -0.2971748 0 -0.3141291 0.3322221 -0.8893545 0 0.007914364 0.9376575 0.3474705 0 -0.9633794 0 -5.722046E-07 1  
																			<Children>: 4
																				<Frame>: 12 0 Bip001_L_Finger0
																					<Transform>: -0.09955302 0.07820749 -0.1784243 65.92755 269.9579 306.8505 1 1 0.9999999 0.6094762 -0.358732 0.07890956 0.7025834  
																					<TransformMatrix>: 0.7301693 -0.3263961 0.6002653 0 -0.5481583 0.2446241 0.7998009 0 -0.4078912 -0.9130304 -0.0002996921 0 -0.09955302 0.07820749 -0.1784243 1  
																					<Children>: 1
																						<Frame>: 13 0 Bip001_L_Finger01
																							<Transform>: -0.1878385 1.430512E-07 0 3.745472E-06 7.416389E-07 344.6352 0.9999999 1 1 3.152684E-08 1.078338E-08 -0.133682 0.9910243  
																							<TransformMatrix>: 0.9642582 -0.2649641 -2.980232E-08 0 0.2649642 0.9642584 5.960464E-08 0 1.294404E-08 -6.537082E-08 1 0 -0.1878385 1.430512E-07 0 1  
																							<Children>: 1
																								<Frame>: 14 0 Bip001_L_Finger02
																									<Transform>: -0.1878383 0 0 1.540416E-06 -1.859718E-06 354.6352 1 1 0.9999999 1.418746E-08 -1.558221E-08 -0.04679994 0.9989043  
																									<TransformMatrix>: 0.9956197 -0.09349734 2.980232E-08 0 0.09349734 0.9956197 2.980232E-08 0 -3.24582E-08 -2.688533E-08 0.9999999 0 -0.1878383 0 0 1  
																									<Children>: 0
																								</Frame>
																						</Frame>
																				</Frame>
																				<Frame>: 15 0 Bip001_L_Finger1
																					<Transform>: -0.4936399 -0.02891636 -0.1334508 357.1064 354.7167 331.7518 0.9999999 0.9999999 1 -0.01321672 -0.05083613 -0.2448142 0.9681462  
																					<TransformMatrix>: 0.8749633 -0.4726881 0.1049049 0 0.4753757 0.8797826 -0.0007006172 0 -0.09196234 0.05048225 0.994482 0 -0.4936399 -0.02891636 -0.1334508 1  
																					<Children>: 1
																						<Frame>: 16 0 Bip001_L_Finger11
																							<Transform>: -0.1906222 0 3.576279E-08 4.821679E-07 -2.285874E-07 334.6352 1 1 1 4.543001E-09 -1.022344E-09 -0.2195466 0.975602  
																							<TransformMatrix>: 0.9035985 -0.4283803 0 0 0.4283803 0.9035985 9.313226E-09 0 -3.989602E-09 -8.415419E-09 1 0 -0.1906222 0 3.576279E-08 1  
																							<Children>: 1
																								<Frame>: 17 0 Bip001_L_Finger12
																									<Transform>: -0.1820526 0 -1.788139E-07 2.008267E-06 -1.589726E-06 321.6352 1 1 1 2.111071E-08 -7.344263E-09 -0.3285768 0.9444773  
																									<TransformMatrix>: 0.7840747 -0.6206666 -8.881785E-16 0 0.6206666 0.7840746 4.470348E-08 0 -2.774596E-08 -3.505087E-08 1 0 -0.1820526 0 -1.788139E-07 1  
																									<Children>: 0
																								</Frame>
																						</Frame>
																				</Frame>
																				<Frame>: 18 0 Bip001_L_Finger2
																					<Transform>: -0.492215 -0.0234169 0.02216073 359.9544 -8.787869E-07 331.6162 0.9999999 1 0.9999999 -0.0003860209 -9.76282E-05 -0.2451704 0.9694799  
																					<TransformMatrix>: 0.8797828 -0.4753754 0.0003785789 0 0.4753757 0.8797826 -0.000700608 0 -1.533772E-08 0.0007963501 0.9999996 0 -0.492215 -0.0234169 0.02216073 1  
																					<Children>: 1
																						<Frame>: 19 0 Bip001_L_Finger21
																							<Transform>: -0.2114049 2.861023E-07 0 -1.600421E-06 3.774862E-06 331.6352 1 1 0.9999999 -2.161171E-08 2.851596E-08 -0.2450096 0.9695207  
																							<TransformMatrix>: 0.8799408 -0.4750839 -4.470349E-08 0 0.4750838 0.8799406 -5.587936E-08 0 6.588377E-08 2.793262E-08 0.9999999 0 -0.2114049 2.861023E-07 0 1  
																							<Children>: 1
																								<Frame>: 20 0 Bip001_L_Finger22
																									<Transform>: -0.2016498 0 -7.152558E-08 5.137495E-06 -1.662325E-06 323.6352 1 1 0.9999999 4.712115E-08 2.0769E-10 -0.3120433 0.9500679  
																									<TransformMatrix>: 0.8052579 -0.5929247 -2.980232E-08 0 0.5929247 0.8052579 8.940697E-08 0 -2.901304E-08 -8.966619E-08 0.9999999 0 -0.2016498 0 -7.152558E-08 1  
																									<Children>: 0
																								</Frame>
																						</Frame>
																				</Frame>
																				<Frame>: 21 0 Bip001_L_Finger3
																					<Transform>: -0.4891949 -0.011693 0.173382 3.500518 7.175539 333.8329 1 0.9999999 1 0.01553268 0.06782512 -0.2276845 0.9712457  
																					<TransformMatrix>: 0.8871191 -0.4401682 -0.1388228 0 0.4443822 0.8958369 -0.0007133576 0 0.1246766 -0.06105757 0.9903171 0 -0.4891949 -0.011693 0.173382 1  
																					<Children>: 1
																						<Frame>: 22 0 Bip001_L_Finger31
																							<Transform>: -0.1880176 0 0 1.258888E-06 7.32462E-07 328.6352 0.9999999 1 1 8.849144E-09 9.123529E-09 -0.270305 0.9627748  
																							<TransformMatrix>: 0.8538703 -0.5204856 -2.235174E-08 0 0.5204857 0.8538704 1.210719E-08 0 1.278387E-08 -2.197174E-08 1 0 -0.1880176 0 0 1  
																							<Children>: 1
																								<Frame>: 23 0 Bip001_L_Finger32
																									<Transform>: -0.1876714 1.430512E-07 -1.072884E-07 -2.80863E-06 -2.216623E-06 325.6352 1 0.9999999 1 -1.770161E-08 -2.572095E-08 -0.2954147 0.9553691  
																									<TransformMatrix>: 0.8254604 -0.5644603 5.960464E-08 0 0.5644602 0.8254602 -1.862645E-08 0 -3.868737E-08 4.901985E-08 1 0 -0.1876714 1.430512E-07 -1.072884E-07 1  
																									<Children>: 0
																								</Frame>
																						</Frame>
																				</Frame>
																		</Frame>
																		<Frame>: 24 0 Bone001
																			<Transform>: -0.8522324 0.2674666 -0.04519615 346.9226 350.8012 310.542 1 1 1 -0.0697717 -0.119844 -0.4225617 0.8956623  
																			<TransformMatrix>: 0.6141582 -0.7402217 0.2736452 0 0.7736687 0.6331472 -0.02370083 0 -0.1557138 0.2262667 0.9615387 0 -0.8522324 0.2674666 -0.04519615 1  
																			<Children>: 1
																				<Frame>: 25 0 Bone002
																					<Transform>: -0.3671345 -1.430512E-07 2.861023E-07 4.339801 343.5474 14.3723 1 1 1 0.01929301 -0.1465449 0.1290925 0.9805547  
																					<TransformMatrix>: 0.9237194 0.2475099 0.2923717 0 -0.2588191 0.9659258 1.117587E-08 0 -0.2824094 -0.0756714 0.9563047 0 -0.3671345 -1.430512E-07 2.861023E-07 1  
																					<Children>: 0
																				</Frame>
																		</Frame>
																</Frame>
																<Frame>: 26 0 L_UpperArm_Twist
																	<Transform>: -8.583069E-07 0 2.861023E-07 -8.537731E-07 8.537737E-06 -3.415095E-06 1 1 0.9999999 -7.450578E-09 7.450581E-08 -2.980232E-08 1  
																	<TransformMatrix>: 1 -5.960465E-08 -1.490116E-07 0 5.960464E-08 1 -1.490116E-08 0 1.490116E-07 1.490115E-08 0.9999999 0 -8.583069E-07 0 2.861023E-07 1  
																	<Children>: 0
																</Frame>
														</Frame>
												</Frame>
												<Frame>: 27 0 Bip001_R_Clavicle
													<Transform>: 0.1608049 0.1834661 -0.05717913 342.9559 90.77615 179.7726 1 1 1 0.7038121 0.1054709 0.694755 -0.1041155  
													<TransformMatrix>: 0.01238275 0.003793806 0.9999163 0 0.2931329 -0.9560719 -2.652407E-06 0 0.9559916 0.2931083 -0.01295114 0 0.1608049 0.1834661 -0.05717913 1  
													<Children>: 1
														<Frame>: 28 0 Bip001_R_UpperArm
															<Transform>: -0.6302505 0 0 353.0973 63.78016 353.882 1 1 1 -0.07918244 0.5238541 -0.01346852 0.8480127  
															<TransformMatrix>: 0.450791 -0.105803 -0.8863369 0 -0.06011714 0.9870976 -0.1484065 0 0.8906028 0.1201844 0.4386141 0 -0.6302505 0 0 1  
															<Children>: 2
																<Frame>: 29 0 Bip001_R_Forearm
																	<Transform>: -1.015123 -7.152558E-08 0 -2.949119E-06 8.824834E-07 17.03098 1 1 1 -2.431185E-08 1.142711E-08 0.1480768 0.9889759  
																	<TransformMatrix>: 0.9561465 0.2928887 -2.980232E-08 0 -0.2928887 0.9561465 -4.470348E-08 0 1.540224E-08 5.147184E-08 1 0 -1.015123 -7.152558E-08 0 1  
																	<Children>: 2
																		<Frame>: 30 0 Bip001_R_Hand
																			<Transform>: -0.9633797 1.788139E-08 0 69.66183 358.6952 17.08534 0.9999999 1 1 0.5633948 -0.0940802 0.128356 0.8107157  
																			<TransformMatrix>: 0.9493473 0.1021119 0.2971748 0 -0.3141291 0.3322221 0.8893545 0 -0.00791441 -0.9376577 0.3474705 0 -0.9633797 1.788139E-08 0 1  
																			<Children>: 4
																				<Frame>: 31 0 Bip001_R_Finger0
																					<Transform>: -0.09955309 0.07820749 0.1784243 300.0617 97.87434 281.8481 0.9999999 0.9999999 1 -0.6664665 0.3002273 -0.06631275 0.6791822  
																					<TransformMatrix>: 0.8109322 -0.4902598 -0.3194277 0 -0.310106 0.1028499 -0.9451221 0 0.4962086 0.8654866 -0.06862819 0 -0.09955309 0.07820749 0.1784243 1  
																					<Children>: 1
																						<Frame>: 32 0 Bip001_R_Finger01
																							<Transform>: -0.1878382 -7.152558E-08 0 -6.29775E-06 8.451097E-07 344.6352 1 0.9999999 1 -5.545084E-08 -3.814543E-11 -0.133682 0.9910243  
																							<TransformMatrix>: 0.9642583 -0.2649641 1.490116E-08 0 0.2649641 0.9642582 -1.098961E-07 0 1.474995E-08 1.099165E-07 1 0 -0.1878382 -7.152558E-08 0 1  
																							<Children>: 1
																								<Frame>: 33 0 Bip001_R_Finger02
																									<Transform>: -0.1878383 -7.152558E-08 0 7.969604E-06 2.681705E-06 354.6352 1 1 1 6.837649E-08 2.663148E-08 -0.04679994 0.9989043  
																									<TransformMatrix>: 0.9956197 -0.09349733 -5.960464E-08 0 0.09349733 0.9956197 1.341105E-07 0 4.680458E-08 -1.390958E-07 1 0 -0.1878383 -7.152558E-08 0 1  
																									<Children>: 0
																								</Frame>
																						</Frame>
																				</Frame>
																				<Frame>: 34 0 Bip001_R_Finger1
																					<Transform>: -0.4936401 -0.02891636 0.1334509 2.893647 5.283264 302.7518 1 1 0.9999999 6.735788E-05 0.05252608 -0.4794209 0.8760118  
																					<TransformMatrix>: 0.5347933 -0.8399495 -0.09209151 0 0.8399639 0.5403113 -0.05024619 0 0.09196232 -0.0504822 0.9944819 0 -0.4936401 -0.02891636 0.1334509 1  
																					<Children>: 1
																						<Frame>: 35 0 Bip001_R_Finger11
																							<Transform>: -0.190622 -7.152558E-08 7.152558E-08 1.221634E-06 2.19187E-07 305.6352 1 0.9999999 1 8.609559E-09 6.571618E-09 -0.4568248 0.8895567  
																							<TransformMatrix>: 0.5826222 -0.8127431 -1.955777E-08 0 0.812743 0.5826222 9.313226E-09 0 3.825535E-09 -2.132154E-08 1 0 -0.190622 -7.152558E-08 7.152558E-08 1  
																							<Children>: 1
																								<Frame>: 36 0 Bip001_R_Finger12
																									<Transform>: -0.1820529 1.430512E-07 -1.430512E-07 -1.76011E-06 -2.988678E-06 292.6352 1 1 1 1.683E-09 -3.022116E-08 -0.5545891 0.8321244  
																									<TransformMatrix>: 0.3848619 -0.9229742 4.842877E-08 0 0.9229742 0.3848619 3.632158E-08 0 -5.216227E-08 3.071971E-08 1 0 -0.1820529 1.430512E-07 -1.430512E-07 1  
																									<Children>: 0
																								</Frame>
																						</Frame>
																				</Frame>
																				<Frame>: 37 0 Bip001_R_Finger2
																					<Transform>: -0.4922151 -0.02341662 -0.0221607 0.0456233 5.085957E-07 302.6162 1 0.9999999 0.9999999 0.0003492504 0.00019115 -0.4800996 0.877214  
																					<TransformMatrix>: 0.5390087 -0.8423 -0.0006707087 0 0.8423002 0.5390084 0.0004291926 0 8.876667E-09 -0.0007962766 0.9999996 0 -0.4922151 -0.02341662 -0.0221607 1  
																					<Children>: 1
																						<Frame>: 38 0 Bip001_R_Finger21
																							<Transform>: -0.2114047 0 7.152558E-08 1.538901E-06 -2.833579E-08 302.6352 1 1 1 1.190025E-08 6.228584E-09 -0.479954 0.8772936  
																							<TransformMatrix>: 0.5392883 -0.8421214 -2.235175E-08 0 0.8421212 0.5392883 1.490116E-08 0 -4.945528E-10 -2.68589E-08 1 0 -0.2114047 0 7.152558E-08 1  
																							<Children>: 1
																								<Frame>: 39 0 Bip001_R_Finger22
																									<Transform>: -0.2016499 1.430512E-07 0 -1.083731E-06 1.851187E-06 294.6352 0.9999999 1 1 -1.668324E-08 8.490204E-09 -0.5399821 0.8416765  
																									<TransformMatrix>: 0.4168386 -0.9089804 3.725292E-09 0 0.9089806 0.4168388 -3.725291E-08 0 3.230932E-08 1.891467E-08 1 0 -0.2016499 1.430512E-07 0 1  
																									<Children>: 0
																								</Frame>
																						</Frame>
																				</Frame>
																				<Frame>: 40 0 Bip001_R_Finger3
																					<Transform>: -0.4891948 -0.011693 -0.1733819 356.4995 352.8245 304.8328 1 1 0.9999999 0.00194417 -0.06955386 -0.463613 0.8833015  
																					<TransformMatrix>: 0.5604506 -0.8192905 0.1210714 0 0.8187497 0.5701184 0.06792672 0 -0.1246767 0.06105756 0.9903169 0 -0.4891948 -0.011693 -0.1733819 1  
																					<Children>: 1
																						<Frame>: 41 0 Bip001_R_Finger31
																							<Transform>: -0.1880176 0 1.430512E-07 -2.226279E-06 -1.266511E-06 299.6352 0.9999998 0.9999999 1 -1.123744E-08 -1.93215E-08 -0.5027546 0.8644292  
																							<TransformMatrix>: 0.4944755 -0.8691913 4.470348E-08 0 0.8691914 0.4944755 -1.776357E-15 0 -2.210479E-08 3.885589E-08 1 0 -0.1880176 0 1.430512E-07 1  
																							<Children>: 1
																								<Frame>: 42 0 Bip001_R_Finger32
																									<Transform>: -0.1876714 -2.861023E-07 -1.430512E-07 3.80417E-07 1.145924E-06 296.6352 1 1 1 -2.427115E-09 1.025336E-08 -0.5252105 0.8509724  
																									<TransformMatrix>: 0.4483079 -0.8938794 -1.490116E-08 0 0.8938794 0.4483079 -1.490116E-08 0 2.000014E-08 -6.63953E-09 1 0 -0.1876714 -2.861023E-07 -1.430512E-07 1  
																									<Children>: 0
																								</Frame>
																						</Frame>
																				</Frame>
																		</Frame>
																		<Frame>: 43 0 Bone003
																			<Transform>: -0.8522685 0.2674755 0.04516068 13.06512 9.221875 310.972 1 1 1 0.0700396 0.1197193 -0.4192086 0.8972324  
																			<TransformMatrix>: 0.619863 -0.735485 -0.2735544 0 0.7690253 0.6387172 0.02530891 0 0.1561096 -0.2260583 0.9615237 0 -0.8522685 0.2674755 0.04516068 1  
																			<Children>: 1
																				<Frame>: 44 0 Bone004
																					<Transform>: -0.3671346 -2.861023E-07 0 355.6602 16.45256 14.3723 1 1 1 -0.01929301 0.1465449 0.1290925 0.9805547  
																					<TransformMatrix>: 0.9237195 0.2475099 -0.2923717 0 -0.2588191 0.9659258 -3.72529E-09 0 0.2824094 0.07567139 0.9563048 0 -0.3671346 -2.861023E-07 0 1  
																					<Children>: 0
																				</Frame>
																		</Frame>
																</Frame>
																<Frame>: 45 0 R_UpperArm_Twist
																	<Transform>: 0 -7.152558E-08 0 -4.268907E-07 -2.390566E-05 -9.391508E-06 1 1 1 -3.725307E-09 -2.086162E-07 -8.195637E-08 1  
																	<TransformMatrix>: 1 -1.639127E-07 4.172325E-07 0 1.639127E-07 1 -7.45058E-09 0 -4.172324E-07 7.450648E-09 1 0 0 -7.152558E-08 0 1  
																	<Children>: 0
																</Frame>
														</Frame>
												</Frame>
										</Frame>
								</Frame>
						</Frame>
						<Frame>: 46 0 Bone005
							<Transform>: 0.641989 0.7649788 0.09897023 276.0712 258.2805 270.0021 1 1 1 -0.1093273 0.7062501 0.6986026 0.03482607  
							<TransformMatrix>: -0.9736696 -0.1057657 -0.2019445 0 -0.203084 3.874302E-06 0.9791615 0 -0.1035609 0.9943913 -0.02148318 0 0.641989 0.7649788 0.09897023 1  
							<Children>: 1
								<Frame>: 47 0 Bone006
									<Transform>: -0.8910201 1.430512E-07 0 0.1552623 1.245976 352.8968 1 1 1 0.0006786831 0.01093602 -0.06195845 0.9980186  
									<TransformMatrix>: 0.9920833 -0.1236565 -0.0219128 0 0.1236862 0.9923215 -4.806789E-07 0 0.0217446 -0.002709834 0.9997599 0 -0.8910201 1.430512E-07 0 1  
									<Children>: 0
								</Frame>
						</Frame>
						<Frame>: 48 0 Bone008
							<Transform>: 0.641989 0.7649783 -0.09900254 83.92882 101.7171 269.9996 1 1 1 -0.109328 0.7062483 -0.6986042 -0.03482752  
							<TransformMatrix>: -0.9736688 -0.1057642 0.2019478 0 -0.2030868 -8.344651E-07 -0.9791608 0 0.1035603 -0.9943913 -0.02147853 0 0.641989 0.7649783 -0.09900254 1  
							<Children>: 1
								<Frame>: 49 0 Bone009
									<Transform>: -0.8910204 7.152558E-08 0 359.8429 358.7396 352.8969 1 1 1 -0.0006870309 -0.01106276 -0.06195836 0.9980172  
									<TransformMatrix>: 0.9920776 -0.1236558 0.02216678 0 0.1236862 0.9923215 -4.769536E-07 0 -0.02199651 0.002742198 0.9997543 0 -0.8910204 7.152558E-08 0 1  
									<Children>: 0
								</Frame>
						</Frame>
						<Frame>: 50 0 Bone011
							<Transform>: 0.5040259 0.01154629 0.9432899 -0.0001466625 338.2464 180.0001 1 1 1 -0.1886976 1.353681E-06 0.9820352 -2.622766E-07  
							<TransformMatrix>: -0.9287864 -1.026002E-06 -0.3706154 0 4.256776E-09 -1 2.757707E-06 0 -0.3706154 2.559743E-06 0.9287864 0 0.5040259 0.01154629 0.9432899 1  
							<Children>: 1
								<Frame>: 51 0 Bone012
									<Transform>: -0.7941947 1.117587E-08 0 -6.385408E-15 5 -2.369698E-23 1 1 1 -5.567016E-17 0.04361939 2.430611E-18 0.9990482  
									<TransformMatrix>: 0.9961948 -4.135904E-25 -0.08715575 0 -9.713192E-18 1 -1.110223E-16 0 0.08715574 1.114464E-16 0.9961947 0 -0.7941947 1.117587E-08 0 1  
									<Children>: 0
								</Frame>
						</Frame>
						<Frame>: 52 0 Bone014
							<Transform>: 0.6001963 -0.8147559 1.716613E-06 68.99998 270.0005 90.0004 1 1 1 -0.1288598 -0.6952652 0.6952671 0.1288604  
							<TransformMatrix>: -0.9335804 0.3583682 4.023314E-07 0 -1.385808E-06 -2.503395E-06 -1 0 -0.3583682 -0.9335803 2.801418E-06 0 0.6001963 -0.8147559 1.716613E-06 1  
							<Children>: 1
								<Frame>: 53 0 Bone015
									<Transform>: -0.7941948 1.045804E-08 0 5.168561E-08 7.026233 -4.193683E-07 1 1 1 2.259401E-10 0.06127704 -3.680441E-09 0.9981208  
									<TransformMatrix>: 0.9924904 -7.31936E-09 -0.1223238 0 7.37474E-09 1 -2.18714E-14 0 0.1223238 -9.020841E-10 0.9924902 0 -0.7941948 1.045804E-08 0 1  
									<Children>: 0
								</Frame>
						</Frame>
						<Frame>: 54 0 Bone017
							<Transform>: 0.5040227 0.01154109 -0.9432002 0.0001659314 201.7538 6.343779E-05 1 1 1 2.704128E-07 0.982035 -1.526474E-06 -0.1886991  
							<TransformMatrix>: -0.9287854 1.107198E-06 0.3706182 0 -4.497883E-08 1 -3.100156E-06 0 -0.3706182 -2.896049E-06 -0.9287854 0 0.5040227 0.01154109 -0.9432002 1  
							<Children>: 1
								<Frame>: 55 0 Bone018
									<Transform>: -0.7941947 1.117587E-08 0 6.926706E-13 5 1.424888E-12 1 1 1 6.581323E-15 0.04361939 1.215899E-14 0.9990482  
									<TransformMatrix>: 0.9961948 2.486899E-14 -0.08715575 0 -2.37207E-14 1 1.421085E-14 0 0.08715574 -1.208938E-14 0.9961947 0 -0.7941947 1.117587E-08 0 1  
									<Children>: 0
								</Frame>
						</Frame>
						<Frame>: 56 0 Bone020
							<Transform>: 0.5460586 -0.5815238 0.7118717 38.94484 333.3282 161.2989 1 1 1 -0.1618761 -0.3553869 0.9176823 0.07318096  
							<TransformMatrix>: -0.9368814 0.249371 -0.2450866 0 -0.01925649 -0.7366896 -0.675957 0 -0.3491167 -0.628572 0.6949927 0 0.5460586 -0.5815238 0.7118717 1  
							<Children>: 1
								<Frame>: 57 0 Bone021
									<Transform>: -0.86701 -3.129244E-08 0 -2.839864E-05 356.2537 1.173939E-06 1 1 1 -2.480273E-07 -0.03268683 2.138465E-09 0.9994656  
									<TransformMatrix>: 0.9978632 2.04891E-08 0.06533873 0 1.193981E-08 1 -4.959293E-07 0 -0.06533872 4.956497E-07 0.9978631 0 -0.86701 -3.129244E-08 0 1  
									<Children>: 0
								</Frame>
						</Frame>
						<Frame>: 58 0 Bone023
							<Transform>: 0.5460572 -0.5815277 -0.7118986 38.9451 206.6721 18.70128 0.9999999 0.9999999 1 0.0731811 0.9176812 -0.3553893 -0.1618773  
							<TransformMatrix>: -0.9368805 0.2493728 0.245088 0 0.0192549 0.7366859 -0.6759608 0 -0.3491191 -0.6285754 -0.6949884 0 0.5460572 -0.5815277 -0.7118986 1  
							<Children>: 1
								<Frame>: 59 0 Bone024
									<Transform>: -0.8670099 0 0 -2.568325E-05 356.2537 -6.403301E-07 1 1 1 -2.238262E-07 -0.03268684 -1.291101E-08 0.9994656  
									<TransformMatrix>: 0.9978632 -1.117587E-08 0.06533876 0 4.044056E-08 1 -4.465692E-07 0 -0.06533875 4.482573E-07 0.9978631 0 -0.8670099 0 0 1  
									<Children>: 0
								</Frame>
						</Frame>
						<Frame>: 60 0 Bone026
							<Transform>: 0.5898085 0.5278292 0.6591817 306.9021 340.628 180.9999 1 0.9999999 1 -0.1466569 0.4418869 0.8824234 0.06750345  
							<TransformMatrix>: -0.9478703 -0.0104783 -0.3184848 0 -0.2487448 -0.6003587 0.760063 0 -0.1991692 0.7996625 0.5664554 0 0.5898085 0.5278292 0.6591817 1  
							<Children>: 1
								<Frame>: 61 0 Bone027
									<Transform>: -0.8229347 0 0 8.463118E-07 0.1669966 2.561321E-06 1 1 1 7.41803E-09 0.00145732 2.234095E-08 0.9999989  
									<TransformMatrix>: 0.9999959 4.470348E-08 -0.002914637 0 -4.466024E-08 1 1.490116E-08 0 0.002914637 -1.477093E-08 0.9999958 0 -0.8229347 0 0 1  
									<Children>: 0
								</Frame>
						</Frame>
						<Frame>: 62 0 Bone029
							<Transform>: 0.589807 0.5278256 -0.6591017 306.9024 199.372 359.0003 1 0.9999999 1 0.06750455 0.8824245 0.4418842 -0.1466581  
							<TransformMatrix>: -0.9478693 -0.01047641 0.3184877 0 0.2487471 0.600363 0.7600585 0 -0.199171 0.7996591 -0.5664598 0 0.589807 0.5278256 -0.6591017 1  
							<Children>: 1
								<Frame>: 63 0 Bone030
									<Transform>: -0.8229349 -7.152558E-08 0 4.9769E-09 0.1669966 -1.707547E-06 1 1 1 2.171584E-11 0.00145732 -1.490121E-08 0.9999989  
									<TransformMatrix>: 0.9999959 -2.980232E-08 -0.002914637 0 2.980245E-08 1 0 0 0.002914637 -8.686329E-11 0.9999958 0 -0.8229349 -7.152558E-08 0 1  
									<Children>: 0
								</Frame>
						</Frame>
				</Frame>
				<Frame>: 64 0 Bip001_Prop1
					<Transform>: -0.1356461 -1.745747 -0.5435569 336.0593 259.1149 48.92307 1 1 0.9999999 -0.4325401 -0.6318271 0.1124212 0.633297  
					<TransformMatrix>: 0.176312 0.6889731 0.7030151 0 0.4041891 0.6005411 -0.6899141 0 -0.8975217 0.4057911 -0.1725929 0 -0.1356461 -1.745747 -0.5435569 1  
					<Children>: 0
				</Frame>
		</Frame>
		<Frame>: 65 0 Mesh_AddOn_head_01
			<Transform>: -1.430512E-07 5.957945 0.1043851 270 0 0 0.9999999 0.9999999 1 -0.7071068 0 0 0.7071068  
			<TransformMatrix>: 0.9999999 0 0 0 0 -1.192093E-07 -1 0 0 1 -1.192093E-07 0 -1.430512E-07 5.957945 0.1043851 1  
			<SkinningInfo>:  Mesh_AddOn_head_01
				<BonesPerVertex>: 4
				<Bounds>: -0.3864461 0.4000771 5.960464E-08 0.4976411 0.2212044 0.3357892
				<BoneNames>: 1 Bip001_Head  
				<BoneOffsets>: 1 -5.090196E-14 1.402693E-06 -1 0 9.473903E-14 -1 -1.402693E-06 0 -1 0 -1.321171E-13 0 -0.4338999 0.1357785 5.160018E-09 1  
				<BoneWeights>: 100 0 0 0 0 0 0 0 0 0 0 0 0 0 0 0 0 0 0 0 0 0 0 0 0 0 0 0 0 0 0 0 0 0 0 0 0 0 0 0 0 0 0 0 0 0 0 0 0 0 0 0 0 0 0 0 0 0 0 0 0 0 0 0 0 0 0 0 0 0 0 0 0 0 0 0 0 0 0 0 0 0 0 0 0 0 0 0 0 0 0 0 0 0 0 0 0 0 0 0 0 0 0 0 0 0 0 0 0 0 0 0 0 0 0 0 0 0 0 0 0 0 0 0 0 0 0 0 0 0 0 0 0 0 0 0 0 0 0 0 0 0 0 0 0 0 0 0 0 0 0 0 0 0 0 0 0 0 0 0 0 0 0 0 0 0 0 0 0 0 0 0 0 0 0 0 0 0 0 0 0 0 0 0 0 0 0 0 0 0 0 0 0 0 0 0 0 0 0 0 0 0 0 0 0 0 0 0 0 0 0 0 0 0 0 0 0 0 0 0 0 0 0 0 0 0 0 0 0 0 0 0 0 0 0 0 0 0 0 0 0 0 0 0 0 0 0 0 0 0 0 0 0 0 0 0 0 0 0 0 0 0 0 0 0 0 0 0 0 0 0 0 0 0 0 0 0 0 0 0 0 0 0 0 0 0 0 0 0 0 0 0 0 0 0 0 0 0 0 0 0 0 0 0 0 0 0 0 0 0 0 0 0 0 0 0 0 0 0 0 0 0 0 0 0 0 0 0 0 0 0 0 0 0 0 0 0 0 0 0 0 0 0 0 0 0 0 0 0 0 0 0 0 0 0 0 0 0 0 0 0 0 0 0 0 0 0 0 0 0 0 0 0 0 0 0 0 0 0 0 0 0 0 0 0 0 0 0 0 0 0 0 0 0 0 0 0 0 0 0 0 1 0 0 0 1 0 0 0 1 0 0 0 1 0 0 0 1 0 0 0 1 0 0 0 1 0 0 0 1 0 0 0 1 0 0 0 1 0 0 0 1 0 0 0 1 0 0 0 1 0 0 0 1 0 0 0 1 0 0 0 1 0 0 0 1 0 0 0 1 0 0 0 1 0 0 0 1 0 0 0 1 0 0 0 1 0 0 0 1 0 0 0 1 0 0 0 1 0 0 0 1 0 0 0 1 0 0 0 1 0 0 0 1 0 0 0 1 0 0 0 1 0 0 0 1 0 0 0 1 0 0 0 1 0 0 0 1 0 0 0 1 0 0 0 1 0 0 0 1 0 0 0 1 0 0 0 1 0 0 0 1 0 0 0 1 0 0 0 1 0 0 0 1 0 0 0 1 0 0 0 1 0 0 0 1 0 0 0 1 0 0 0 1 0 0 0 1 0 0 0 1 0 0 0 1 0 0 0 1 0 0 0 1 0 0 0 1 0 0 0 1 0 0 0 1 0 0 0 1 0 0 0 1 0 0 0 1 0 0 0 1 0 0 0 1 0 0 0 1 0 0 0 1 0 0 0 1 0 0 0 1 0 0 0 1 0 0 0 1 0 0 0 1 0 0 0 1 0 0 0 1 0 0 0 1 0 0 0 1 0 0 0 1 0 0 0 1 0 0 0 1 0 0 0 1 0 0 0 1 0 0 0 1 0 0 0 1 0 0 0 1 0 0 0 1 0 0 0 1 0 0 0 1 0 0 0 1 0 0 0 1 0 0 0 1 0 0 0 1 0 0 0 1 0 0 0 1 0 0 0 1 0 0 0 1 0 0 0 1 0 0 0 1 0 0 0 1 0 0 0 1 0 0 0 1 0 0 0 1 0 0 0 1 0 0 0 1 0 0 0  
			</SkinningInfo>
			<Mesh>: 100 Mesh_AddOn_head_01
				<Bounds>: 0 -0.2642988 -0.04745327 0.3357892 0.2212042 0.4976411
				<Positions>: 0  
				<Colors>: 0  
				<TextureCoords0>: 0  
				<TextureCoords1>: 0  
				<Normals>: 0  
				<SubMeshes>: 1
					<SubMesh>: 0 0  
			</Mesh>
			<Materials>: 1
				<Material>: 0
					<AlbedoColor>: 1 1 1 1
					<EmissiveColor>: 0 0 0 1
					<Glossiness>: 1
					<Metallic>: 0.311
					<SpecularHighlight>: 1
					<GlossyReflection>: 1
					<AlbedoMap>: wizard_addon_01_albedo
					<MetallicMap>: wizard_addon_01_metalic
					<NormalMap>: wizard_addon_01_nor_DEMO
					<EmissionMap>: null
					<DetailAlbedoMap>: null
					<DetailNormalMap>: null
			</Materials>
			<Children>: 0
		</Frame>
		<Frame>: 66 0 Mesh_Body
			<Transform>: 0 1.004353 4.397975E-09 270 0 0 1 1 1 -0.7071068 0 0 0.7071068  
			<TransformMatrix>: 1 0 0 0 0 -1.192093E-07 -1 0 0 1 -1.192093E-07 0 0 1.004353 4.397975E-09 1  
			<SkinningInfo>:  Mesh_Body
				<BonesPerVertex>: 4
				<Bounds>: -0.2119234 -0.3375009 -0.08425993 3.045984 1.36472 1.99581
				<BoneNames>: 62 L_UpperArm_Twist Bip001_Spine1 Bip001_Spine Bip001_Pelvis Bip001_L_Clavicle Bip001_L_UpperArm Bip001_Neck Bip001_Head Bip001_L_Forearm Bone001 Bone002 Bone026 Bone011 Bone020 Bone021 Bone014 Bone015 Bone012 Bip001_Ponytail1 Bone005 Bone027 Bone006 R_UpperArm_Twist Bip001_R_Clavicle Bip001_R_UpperArm Bip001_R_Forearm Bone003 Bone029 Bone017 Bone023 Bone008 Bone024 Bone030 Bone018 Bone009 Bone004 Bip001_L_Hand Bip001_L_Finger0 Bip001_L_Finger01 Bip001_L_Finger1 Bip001_L_Finger3 Bip001_L_Finger02 Bip001_L_Finger2 Bip001_L_Finger11 Bip001_L_Finger31 Bip001_L_Finger21 Bip001_L_Finger12 Bip001_L_Finger32 Bip001_L_Finger22 Bip001_R_Hand Bip001_R_Finger0 Bip001_R_Finger01 Bip001_R_Finger1 Bip001_R_Finger3 Bip001_R_Finger2 Bip001_R_Finger02 Bip001_R_Finger11 Bip001_R_Finger31 Bip001_R_Finger21 Bip001_R_Finger12 Bip001_R_Finger32 Bip001_R_Finger22  
				<BoneOffsets>: 62 0.7033879 -0.06428742 -0.707893 0 0.02001399 0.9972978 -0.07068314 0 0.7105245 0.03554991 0.702774 0 -2.331138 -0.18492 -3.269163 1 5.548802E-14 1.402693E-06 -1 0 0 -1 -1.402693E-06 0 -1 4.850638E-11 -2.34072E-14 0 3.421585 0.0005912816 1.639819E-09 1 5.548802E-14 1.402693E-06 -1 0 0 -1 -1.402693E-06 0 -1 4.850638E-11 -2.34072E-14 0 2.835593 0.0004664345 1.293756E-09 1 6.123234E-17 -2.757707E-06 -1 0 -6.123234E-17 -1 2.757707E-06 0 -1 6.123218E-17 -6.123251E-17 0 2.414471 -4.419223E-09 1.233477E-14 1 0.9983839 1.373391E-06 -0.05683041 0 -1.371176E-06 1 7.797986E-08 0 0.05683042 7.064275E-11 0.9983839 0 -0.1700191 1.038463E-07 -3.992996 1 0.703388 -0.06428743 -0.7078932 0 0.02001399 0.9972978 -0.07068314 0 0.7105244 0.03554991 0.702774 0 -2.331139 -0.1849199 -3.269164 1 4.018584E-07 1.462915E-06 -1 0 0.2931331 -0.9560716 -1.280854E-06 0 -0.9560716 -0.2931331 -8.130341E-07 0 3.981463 1.354886 3.386526E-06 1 -5.090196E-14 1.402693E-06 -1 0 9.473903E-14 -1 -1.402693E-06 0 -1 0 -1.321171E-13 0 4.519692 0.03139342 -2.843117E-07 1 0.7031079 -0.06728096 -0.7078931 0 0.02425901 0.9972038 -0.07068315 0 0.7106693 0.03252509 0.7027739 0 -1.316792 -0.1793162 -3.269162 1 0.3577753 0.5954384 -0.7193397 0 -0.8571672 0.5150379 2.199684E-07 0 0.3704875 0.6165943 0.6946584 0 -0.0604786 -0.5451297 -3.241692 1 0.3577753 0.5954384 -0.7193397 0 -0.8571672 0.515038 2.246624E-07 0 0.3704875 0.6165944 0.6946584 0 0.3066562 -0.5451294 -3.241692 1 0.3184862 -0.7600611 -0.5664575 0 0.01047739 0.6003607 -0.7996609 0 0.9478697 0.2487459 0.19917 0 -1.514072 -0.6380105 -1.158901 1 0.3706167 7.105427E-14 -0.928786 0 3.950162E-09 1 1.576321E-09 0 0.928786 -4.253069E-09 0.3706168 0 -1.424797 0.0115437 -1.584158 1 0.2450871 0.6759591 -0.6949905 0 -0.2493717 0.7366877 0.628574 0 0.936881 0.0192555 0.3491178 0 -1.430994 0.01681538 -1.512572 1 0.1991536 0.6759592 -0.7095187 0 -0.2077686 0.7366872 0.6435247 0 0.9576899 0.01925543 0.2871571 0 -0.6616088 0.0168162 -1.472489 1 -8.299953E-08 1 2.22428E-07 0 -0.3583682 -2.373989E-07 0.9335803 0 0.9335804 -2.224368E-09 0.3583682 0 -1.401788 4.99565E-07 -1.410819 1 -1.16904E-07 1 2.097027E-07 0 -0.469876 -2.400417E-07 0.8827326 0 0.8827323 4.660402E-09 0.4698761 0 -0.4304541 4.846265E-07 -1.474547 1 0.4501554 9.473903E-14 -0.8929504 0 3.797741E-09 1 1.914611E-09 0 0.8929501 -4.253065E-09 0.4501555 0 -0.4901337 0.01154369 -1.633091 1 -6.11282E-07 4.000678E-06 -1 0 -0.4458961 0.8950847 3.853515E-06 0 0.8950846 0.4458961 1.236738E-06 0 -4.388083 -2.794626 -7.444467E-06 1 0.2019462 -0.9791611 0.02148056 0 0.1057651 -1.243278E-06 -0.9943911 0 0.9736691 0.2030854 0.1035608 0 -1.624916 -0.4568769 -0.9421215 1 0.3201357 -0.760061 -0.5655268 0 0.01280812 0.6003606 -0.7996271 0 0.9472851 0.2487458 0.2019318 0 -0.6877559 -0.6380104 -1.16091 1 0.3209561 -0.9466643 0.02851998 0 0.1267178 0.01308093 -0.9918525 0 0.9385785 0.3219552 0.1241577 0 -0.6509448 -0.5441408 -0.9566153 1 -0.7033881 0.06429004 -0.7078927 0 0.0200158 0.9972978 0.07068508 0 0.7105241 0.03555 -0.7027742 0 -2.331138 -0.1849201 3.269163 1 -0.9983838 1.368423E-06 -0.05683041 0 1.366207E-06 1 7.783856E-08 0 0.05683041 7.064275E-11 -0.9983838 0 -0.1700191 1.038463E-07 3.992995 1 -0.7033879 0.06429015 -0.7078931 0 0.02001592 0.9972978 0.0706851 0 0.7105244 0.03554991 -0.702774 0 -2.331139 -0.1849198 3.269163 1 -0.7031078 0.06728371 -0.7078931 0 0.02426095 0.9972036 0.0706851 0 0.7106693 0.03252508 -0.7027739 0 -1.316792 -0.1793162 3.269163 1 -0.3577762 -0.5954382 -0.7193396 0 -0.8571669 0.5150384 8.646165E-07 0 0.3704868 0.6165945 -0.6946585 0 -0.06045672 -0.5451003 3.241728 1 -0.3184863 -0.7600606 0.5664577 0 0.01047729 -0.600361 -0.7996606 0 0.9478695 -0.2487461 0.1991701 0 -1.514098 0.6379463 -1.158853 1 -0.3706169 3.424483E-07 0.9287859 0 -8.51454E-08 -1 3.347295E-07 0 0.9287859 4.497453E-08 0.3706169 0 -1.42483 -0.0115441 -1.584074 1 -0.2450873 0.675959 0.6949905 0 -0.2493721 -0.7366879 0.6285736 0 0.9368809 -0.01925584 0.3491181 0 -1.430987 -0.01683397 -1.512592 1 -0.2019462 0.979161 0.02148109 0 0.1057647 -1.865341E-06 0.9943913 0 0.9736692 0.2030854 -0.1035603 0 -1.624911 -0.4569031 0.9421202 1 -0.1991538 0.6759586 0.7095196 0 -0.207769 -0.7366881 0.6435238 0 0.9576899 -0.01925591 0.2871576 0 -0.6616024 -0.01683342 -1.47251 1 -0.3201359 -0.7600607 0.565527 0 0.01280799 -0.600361 -0.7996265 0 0.9472848 -0.248746 0.201932 0 -0.6877826 0.6379463 -1.160863 1 -0.4501555 3.424483E-07 0.8929502 0 -1.13995E-07 -1 3.260349E-07 0 0.89295 4.497452E-08 0.4501556 0 -0.4901746 -0.01154411 -1.63301 1 -0.320949 0.9466643 0.02860294 0 0.1269695 0.01307935 0.9918205 0 0.938547 0.3219554 -0.1243953 0 -0.6506938 -0.5441673 0.9567789 1 -0.3577762 -0.5954382 -0.7193395 0 -0.8571669 0.5150384 8.646165E-07 0 0.3704869 0.6165947 -0.6946585 0 0.3066778 -0.5451003 3.241728 1 0.703108 0.7078395 -0.06784462 0 0.02425902 0.07147719 0.9971471 0 0.7106693 -0.7027479 0.03308468 0 -0.3534119 3.269019 -0.1819193 1 0.4447129 -0.2365136 -0.8638818 0 0.4278964 0.9034224 -0.02706454 0 0.7868513 -0.3576159 0.502967 0 -0.8878186 0.5717596 -3.021689 1 0.5003195 -0.0582124 -0.8638818 0 0.06929678 0.997229 -0.02706452 0 0.8630634 -0.04632332 0.5029671 0 -0.8601924 0.2773989 -3.021689 1 0.5109677 0.8569628 -0.06728092 0 0.006438629 0.07445232 0.9972038 0 0.8595759 -0.5099722 0.03252506 0 -0.6617891 3.233933 -0.04584227 1 0.5405639 0.8386084 -0.06728093 0 0.009033057 0.07418225 0.9972038 0 0.8412544 -0.5396602 0.03252506 0 -0.5493419 3.237527 -0.3526886 1 0.5035714 -0.01114209 -0.8638818 0 -0.02431793 0.999338 -0.02706449 0 0.8636114 0.03463673 0.502967 0 -0.6953609 0.2132698 -3.021688 1 0.5109677 0.8569628 -0.06728092 0 0.006438629 0.07445232 0.9972038 0 0.8595759 -0.5099722 0.03252506 0 -0.6618708 3.228373 -0.2014582 1 0.1978354 0.9779233 -0.06728098 0 -0.01861798 0.07237391 0.9972039 0 0.9800586 -0.1960296 0.03252508 0 -1.517038 2.894637 -0.04584243 1 0.1291368 0.9893417 -0.06728094 0 -0.02362117 0.07089884 0.9972038 0 0.9913454 -0.1271865 0.03252506 0 -1.713588 2.770515 -0.3526887 1 0.1463837 0.9869373 -0.06728107 0 -0.02238021 0.07130042 0.9972039 0 0.9889748 -0.1444686 0.03252508 0 -1.645193 2.81401 -0.2014586 1 -0.3564559 0.9318865 -0.06728095 0 -0.05447188 0.05116073 0.9972038 0 0.932723 0.3591241 0.03252505 0 -2.677254 1.73015 -0.04584232 1 -0.356456 0.9318865 -0.06728093 0 -0.05447187 0.05116071 0.9972038 0 0.932723 0.3591243 0.03252506 0 -2.659069 1.712754 -0.3526887 1 -0.3726653 0.9255235 -0.06728094 0 -0.05535647 0.05020227 0.9972039 0 0.9263134 0.3753476 0.03252507 0 -2.668142 1.698083 -0.2014582 1 -0.7031078 -0.7078393 -0.06784736 0 0.02426095 0.07147913 -0.997147 0 0.7106694 -0.7027479 -0.03308468 0 -0.353412 3.269019 0.1819194 1 -0.4447118 0.236516 -0.8638818 0 0.4278977 0.903422 0.02706693 0 0.7868514 -0.3576159 -0.5029671 0 -0.8878187 0.5717597 3.021689 1 -0.5003192 0.05821513 -0.8638818 0 0.06929815 0.9972289 0.02706689 0 0.8630634 -0.04632331 -0.502967 0 -0.8601922 0.2773989 3.021689 1 -0.5109677 -0.8569628 -0.06728367 0 0.006440026 0.07445467 -0.9972036 0 0.8595759 -0.5099721 -0.03252506 0 -0.6617893 3.233933 0.04584227 1 -0.5405639 -0.8386082 -0.06728366 0 0.009034535 0.07418456 -0.9972036 0 0.8412545 -0.5396602 -0.03252506 0 -0.5493414 3.237528 0.3526887 1 -0.5109677 -0.8569628 -0.06728367 0 0.006440022 0.07445467 -0.9972036 0 0.8595759 -0.5099721 -0.03252506 0 -0.6618716 3.228373 0.2014582 1 -0.5035715 0.01114486 -0.8638818 0 -0.02431654 0.999338 0.02706689 0 0.8636113 0.03463672 -0.502967 0 -0.6953611 0.2132698 3.021689 1 -0.1978354 -0.9779233 -0.0672837 0 -0.01861743 0.07237658 -0.9972036 0 0.9800586 -0.1960295 -0.03252507 0 -1.517038 2.894636 0.04584236 1 -0.1291369 -0.9893415 -0.06728377 0 -0.02362081 0.07090164 -0.9972036 0 0.9913454 -0.1271865 -0.03252507 0 -1.713588 2.770515 0.352689 1 -0.1463837 -0.9869372 -0.06728372 0 -0.02237981 0.07130304 -0.9972036 0 0.9889748 -0.1444686 -0.03252507 0 -1.645193 2.81401 0.2014583 1 0.3564559 -0.9318864 -0.06728365 0 -0.05447286 0.05116325 -0.9972038 0 0.932723 0.3591242 -0.03252506 0 -2.677254 1.73015 0.04584227 1 0.3564558 -0.9318864 -0.06728367 0 -0.05447285 0.05116326 -0.9972036 0 0.9327229 0.3591242 -0.03252506 0 -2.659069 1.712755 0.3526887 1 0.3726651 -0.9255236 -0.06728367 0 -0.05535748 0.05020482 -0.9972036 0 0.9263133 0.3753476 -0.03252506 0 -2.668141 1.698084 0.2014582 1  
